1305031102.160407 -0.000135063 -0.000350758 0.000066184 -0.000125192 0.000017881 -0.000001150 0.999999992
1305031102.226737976 -0.000229603 0.007862363 0.011095332 -0.002332498 -0.003759910 -0.000812031 0.999989882
1305031102.262886047 -0.001071264 0.007806024 0.036533797 -0.014060150 -0.009701963 0.000008360 0.999854081
1305031102.295279026 -0.000212052 0.005297386 0.049764006 -0.019231209 -0.012187422 0.000733621 0.999740511
1305031102.329195023 -0.000761244 0.006410346 0.061316283 -0.021152268 -0.014023337 0.002629645 0.999674453
1305031102.363013029 -0.002104061 0.007632151 0.073015983 -0.022833824 -0.015592215 0.002596223 0.999614305
1305031102.394772053 -0.005916942 0.011849055 0.084127997 -0.023871579 -0.017426014 0.001384059 0.999562187
1305031102.427814960 -0.004882753 0.019189050 0.095174268 -0.027747549 -0.021526980 0.002021248 0.999381097
1305031102.462394953 -0.002495940 0.018680705 0.108237534 -0.035397587 -0.024322890 0.001866738 0.999075534
1305031102.526329994 -0.005877107 0.022131984 0.125018136 -0.039183977 -0.021792184 0.000325745 0.998994300
1305031102.562223911 -0.006636276 0.017214781 0.151265669 -0.046864261 -0.018710349 -0.003368261 0.998720341
1305031102.626817942 -0.007920974 0.014736593 0.164270995 -0.044789207 -0.015691315 -0.002309982 0.998870549
1305031102.663273096 -0.013097323 0.025193127 0.186446756 -0.042570743 -0.015170295 -0.000418969 0.998978187
1305031102.695164919 -0.013359725 0.024844517 0.199892147 -0.043801120 -0.015511386 0.000910667 0.998919431
1305031102.728423119 -0.013454568 0.032471386 0.211598077 -0.043207914 -0.015750338 0.002745393 0.998938169
1305031102.763549089 -0.011134445 0.032736902 0.225673044 -0.045806533 -0.014388567 0.001156970 0.998846030
1305031102.794977903 -0.012313553 0.036741295 0.237973212 -0.046473146 -0.010962106 0.000294568 0.998859346
1305031102.828536987 -0.012032568 0.036397553 0.251731530 -0.048937123 -0.007514243 -0.000816351 0.998773261
1305031102.862807989 -0.015554313 0.039539083 0.263665052 -0.047778373 -0.003649622 -0.003523553 0.998845079
1305031102.926851034 -0.015464889 0.043711159 0.275203972 -0.046591803 -0.002657768 -0.004632538 0.998899735
1305031102.962136984 -0.027222401 0.049478446 0.297546459 -0.046651127 -0.006376517 -0.007118001 0.998865530
1305031102.994163990 -0.026756900 0.052480282 0.308172965 -0.047836469 -0.012842876 -0.003736273 0.998765625
1305031103.027880907 -0.027314224 0.055005687 0.319182891 -0.050022669 -0.018975628 -0.000595517 0.998567626
1305031103.062273026 -0.022920686 0.054389601 0.329951930 -0.050645409 -0.023274777 0.001936341 0.998443578
1305031103.094039917 -0.024196181 0.062831247 0.337597410 -0.047483005 -0.022387013 0.002862079 0.998617041
1305031103.129108906 -0.023531694 0.063559271 0.347190475 -0.050086358 -0.022679401 0.004506783 0.998477186
1305031103.162795067 -0.024235620 0.070855957 0.354685724 -0.048874066 -0.020904909 0.004646828 0.998575344
1305031103.227844954 -0.023734844 0.078032820 0.365322921 -0.060804441 -0.021947934 0.008454616 0.997872551
1305031103.262576103 -0.029723848 0.078620557 0.371947409 -0.070385569 -0.022825042 0.011087122 0.997197054
1305031103.294208050 -0.028025330 0.073150579 0.379007765 -0.079034212 -0.033762669 0.011621224 0.996232213
1305031103.327549934 -0.022361795 0.075440044 0.379922638 -0.079144700 -0.039177337 0.012330050 0.996016678
1305031103.362405062 -0.019912598 0.074428910 0.380846087 -0.082713720 -0.038455825 0.014198057 0.995729886
1305031103.394161940 -0.021184153 0.068940233 0.380416373 -0.085893013 -0.037717705 0.015029923 0.995476703
1305031103.428436995 -0.022551775 0.067322353 0.376400429 -0.085526271 -0.039720421 0.014358729 0.995440291
1305031103.463886023 -0.021372391 0.062774177 0.372146226 -0.086004096 -0.042944075 0.012748299 0.995287186
1305031103.494472027 -0.021237655 0.057761781 0.365519378 -0.083999943 -0.044310907 0.010310676 0.995426664
1305031103.531502008 -0.020235295 0.052863447 0.356437260 -0.080012223 -0.045825603 0.008811490 0.995700967
1305031103.562650919 -0.021925857 0.051053299 0.345625117 -0.074948805 -0.046450251 0.009144987 0.996062960
1305031103.595309973 -0.022721059 0.045562316 0.336047172 -0.073405409 -0.049423492 0.010505210 0.996021388
1305031103.631376028 -0.021520145 0.040966476 0.325301086 -0.070893256 -0.053841917 0.011356104 0.995964976
1305031103.663594007 -0.037353275 0.043649092 0.321033591 -0.064550795 -0.046813194 0.011719962 0.996746890
1305031103.694694996 -0.035553082 0.040379885 0.308988079 -0.061927061 -0.048027451 0.011579694 0.996857218
1305031103.731542110 -0.033997402 0.033289986 0.297505747 -0.060524086 -0.048064160 0.010497161 0.996953600
1305031103.762865067 -0.033517555 0.032539785 0.282294618 -0.056297121 -0.047465282 0.007176207 0.997259336
1305031103.794328928 -0.033347775 0.031924184 0.267765640 -0.055800689 -0.046047326 0.003991726 0.997371542
1305031103.830367088 -0.036615961 0.032538583 0.253099590 -0.057890673 -0.044657847 0.001602282 0.997322305
1305031103.862379074 -0.036271979 0.022952840 0.241206119 -0.065205472 -0.048667714 -0.002033923 0.996682278
1305031103.894237041 -0.035218346 0.015696522 0.228005996 -0.064967667 -0.052776682 -0.003322237 0.996485217
1305031103.930502892 -0.033405556 0.014173382 0.212837579 -0.062090628 -0.055830481 -0.004143147 0.996499145
1305031103.962460995 -0.030423479 0.007710668 0.199421131 -0.061093933 -0.058396086 -0.005182121 0.996408839
1305031103.994364977 -0.025722140 -0.002314128 0.185637571 -0.059249874 -0.059563664 -0.005676679 0.996448392
1305031104.030278921 -0.022840704 -0.003188005 0.169163435 -0.050978833 -0.056612371 -0.007714433 0.997064033
1305031104.062541962 -0.020318136 -0.002494947 0.153921127 -0.046121678 -0.052226902 -0.010549982 0.997513829
1305031104.095304966 -0.016617624 -0.010001311 0.142181228 -0.044463631 -0.047070914 -0.011765972 0.997832088
1305031104.131292105 -0.017026238 -0.014762714 0.127206792 -0.039977203 -0.041111054 -0.012740552 0.998273200
1305031104.163439989 -0.017436436 -0.017116968 0.113304112 -0.035736172 -0.037813558 -0.013681765 0.998551887
1305031104.194052935 -0.015984444 -0.022371246 0.100836494 -0.032384718 -0.035576910 -0.013332953 0.998753096
1305031104.227247000 -0.015316415 -0.023510039 0.088129824 -0.027222071 -0.033339010 -0.013463360 0.998982586
1305031104.263334990 -0.014314072 -0.025307922 0.075144179 -0.022725882 -0.030833837 -0.014380760 0.999162651
1305031104.294956923 -0.014830558 -0.025056584 0.060662125 -0.018050951 -0.027019880 -0.015197213 0.999356360
1305031104.331403017 -0.013038974 -0.024889165 0.048621872 -0.014466365 -0.023192324 -0.015525459 0.999505778
1305031104.363344908 -0.013698605 -0.025893765 0.037756153 -0.012611826 -0.018058209 -0.015372915 0.999639193
1305031104.395019054 -0.017204010 -0.026454902 0.027176679 -0.011054831 -0.013281526 -0.015186969 0.999735339
1305031104.431435108 -0.022524347 -0.025687979 0.016775784 -0.010097708 -0.010600643 -0.014970643 0.999780747
1305031104.463413000 -0.026207567 -0.026655098 0.007998571 -0.010387058 -0.011284125 -0.014277005 0.999780448
1305031104.495672941 -0.026505328 -0.031375828 -0.000106636 -0.010529610 -0.014173195 -0.012779268 0.999762441
1305031104.531450033 -0.023579876 -0.033405396 -0.009193378 -0.007401387 -0.016993819 -0.011821846 0.999758308
1305031104.563148975 -0.019117026 -0.038092431 -0.016813140 -0.003832726 -0.017680138 -0.010381931 0.999782446
1305031104.595032930 -0.011459295 -0.048309563 -0.026262196 0.004609414 -0.014461291 -0.009707832 0.999837678
1305031104.631367922 0.005400729 -0.046548496 -0.033801346 0.016138408 -0.013171077 -0.008610849 0.999745932
1305031104.659862995 0.007673598 -0.051832495 -0.042465346 0.026271907 -0.005644995 -0.007235280 0.999612711
1305031104.695184946 0.014892226 -0.060370431 -0.064221786 0.038587577 -0.000168810 -0.005953874 0.999237470
1305031104.730936050 0.018393046 -0.060478118 -0.074824915 0.051394289 0.006225225 -0.004169213 0.998650335
1305031104.763178110 0.017604075 -0.054036147 -0.084521287 0.065492195 0.013794142 -0.002504162 0.997754591
1305031104.799499035 0.020835499 -0.050122529 -0.092615981 0.076893103 0.019767423 0.000045771 0.996843367
1305031104.830960989 0.019012382 -0.045186641 -0.098296011 0.086263970 0.027021656 0.002655247 0.995902258
1305031104.863255978 0.015595277 -0.039708183 -0.104807795 0.092222882 0.030265246 0.004975725 0.995265893
1305031104.899164915 0.017226434 -0.035460611 -0.106005557 0.095118661 0.030844281 0.007355343 0.994960788
1305031104.931091070 0.017274169 -0.033138702 -0.105145506 0.096231359 0.031740168 0.008208085 0.994818936
1305031104.959749937 0.015376644 -0.024294814 -0.100806586 0.096863721 0.031259650 0.008947716 0.994766401
1305031104.998342037 0.017297895 -0.019356188 -0.094121645 0.092937323 0.030267603 0.009889700 0.995162660
1305031105.030426979 0.014720395 -0.017422431 -0.085559160 0.087134597 0.030366445 0.008511776 0.995697238
1305031105.062444925 0.014157993 -0.016753297 -0.075309590 0.079888985 0.029553180 0.006541868 0.996344099
1305031105.097639084 0.011102761 -0.019076099 -0.063756451 0.073570816 0.029232966 0.004649833 0.996850615
1305031105.130269051 0.004625705 -0.008723754 -0.052393716 0.069637244 0.027908564 0.001823638 0.997180245
1305031105.159979105 0.001119870 -0.003278395 -0.035993528 0.057278956 0.024982963 -0.002152641 0.998043255
1305031105.198211908 -0.003219617 -0.013154664 -0.020618509 0.042384056 0.021493577 -0.003858324 0.998862719
1305031105.228250027 -0.004466606 -0.009295992 -0.007998649 0.033788293 0.015299302 -0.004698160 0.999300861
1305031105.262388945 -0.008486040 -0.006903602 0.006830180 0.023505338 0.009303600 -0.006069431 0.999661995
1305031105.298501015 -0.012704662 -0.011054367 0.016257288 0.011768745 0.002404404 -0.007697125 0.999898230
1305031105.328877926 -0.011807818 -0.015174062 0.032959271 0.002202881 -0.005056275 -0.007338858 0.999957860
1305031105.362286091 -0.011256639 -0.018091677 0.047438408 -0.002639479 -0.010771191 -0.006536218 0.999917143
1305031105.398190975 -0.016861689 -0.006187338 0.059160208 -0.004702762 -0.013790363 -0.008006306 0.999861795
1305031105.430335999 -0.016137388 -0.011037303 0.075982081 -0.013190719 -0.018623319 -0.008021521 0.999707373
1305031105.461421013 -0.016679620 -0.010798376 0.089620406 -0.017152946 -0.022151296 -0.007792295 0.999577099
1305031105.497931004 -0.014917115 -0.009400092 0.102697598 -0.022083056 -0.025489785 -0.007381257 0.999403886
1305031105.529582977 -0.014716027 -0.012503831 0.117157925 -0.027403067 -0.026787931 -0.006661483 0.999243265
1305031105.562108994 -0.016459427 -0.010145731 0.130941211 -0.029966894 -0.027777958 -0.006551828 0.999143355
1305031105.597193003 -0.014884585 -0.013078627 0.146685104 -0.033936584 -0.029312025 -0.005394529 0.998979486
1305031105.659104109 -0.017171287 -0.010582755 0.160744656 -0.034206836 -0.029238882 -0.002887445 0.998982804
1305031105.698235035 -0.010206250 -0.012501779 0.190982598 -0.037022659 -0.029807164 -0.001551886 0.998868584
1305031105.730335951 -0.013050824 -0.002947074 0.202042373 -0.032386524 -0.024618864 -0.001894251 0.999170374
1305031105.762383938 -0.010076021 -0.004286373 0.218374654 -0.033963553 -0.020710846 -0.001898191 0.999206653
1305031105.798055887 -0.011580194 -0.001127427 0.233003855 -0.031849553 -0.015023693 -0.001184874 0.999379053
1305031105.830008030 -0.009334409 0.001050545 0.247149913 -0.030380697 -0.011829586 -0.000218873 0.999468372
1305031105.862237930 -0.004448745 0.005457247 0.259996575 -0.030346735 -0.008306694 0.002788462 0.999501025
1305031105.898017883 -0.004457670 0.008907115 0.274070400 -0.033019433 -0.004085950 0.007262577 0.999419970
1305031105.929855108 -0.004027621 0.014811516 0.286797414 -0.034943403 -0.000849771 0.009572130 0.999343090
1305031105.966192961 -0.004586120 0.019077815 0.299879206 -0.039317360 0.001514628 0.010978814 0.999165310
1305031105.998270988 -0.002908148 0.024202023 0.311720659 -0.042875720 0.003189142 0.012629901 0.998995489
1305031106.030147076 -0.004782594 0.027527581 0.324474779 -0.047676933 0.005932295 0.013445555 0.998754692
1305031106.066060066 -0.005843459 0.031605917 0.336079969 -0.051603019 0.006814085 0.015263632 0.998527775
1305031106.096295118 -0.007797967 0.037564651 0.347061737 -0.056399991 0.007197646 0.015748547 0.998258092
1305031106.130445004 -0.010454698 0.039693919 0.358402198 -0.063484789 0.006042053 0.017789338 0.997805950
1305031106.166330099 -0.011058433 0.042102763 0.368335070 -0.067366085 0.004239114 0.018863669 0.997540978
1305031106.195074081 -0.012468335 0.041729304 0.378759628 -0.071535291 0.002931301 0.019433859 0.997244421
1305031106.230057955 -0.013812157 0.045383734 0.386044968 -0.071069644 0.001733023 0.023013719 0.997204328
1305031106.265975952 -0.014555885 0.051226551 0.391910350 -0.071429953 -0.000008024 0.023885321 0.997159593
1305031106.298173904 -0.015297380 0.054745123 0.397374970 -0.074918757 -0.001008665 0.027266455 0.996816283
1305031106.330214977 -0.015367979 0.065682041 0.399255026 -0.076653793 -0.002705120 0.026884398 0.996691581
1305031106.366158009 -0.010439857 0.066648670 0.401634115 -0.085879306 -0.004623223 0.020464395 0.996084624
1305031106.398281097 -0.010706622 0.059039575 0.404129511 -0.094840329 0.001139111 0.014230056 0.995390135
1305031106.430639029 -0.014616184 0.055895478 0.402822470 -0.096065895 0.006060016 0.009654868 0.995309702
1305031106.466046095 -0.017359695 0.052511662 0.398832033 -0.096653394 0.005934418 0.008426099 0.995264741
1305031106.498095989 -0.019690149 0.045112164 0.393260846 -0.097023053 0.003239152 0.008331156 0.995241994
1305031106.528266907 -0.017393101 0.044021299 0.383903613 -0.092827877 -0.002030033 0.007068834 0.995655008
1305031106.564414024 -0.018037300 0.042062132 0.373273570 -0.089310596 -0.003491220 0.006046856 0.995979349
1305031106.597878933 -0.019387071 0.041374707 0.361861479 -0.088359211 -0.006342240 0.002979331 0.996064029
1305031106.630775928 -0.017826549 0.032762801 0.349946942 -0.090135764 -0.009676106 0.001579800 0.995881228
1305031106.667282104 -0.020415591 0.032475704 0.336295761 -0.086665568 -0.011974671 0.001314306 0.996164625
1305031106.699110031 -0.022277487 0.027750982 0.324120976 -0.089036426 -0.017419257 0.000451483 0.995875936
1305031106.729549885 -0.021680335 0.023912425 0.308228713 -0.087441539 -0.024738967 0.001266407 0.995861615
1305031106.767126083 -0.019501550 0.021358827 0.293433676 -0.085961494 -0.031432397 0.001310621 0.995801641
1305031106.798309088 -0.018190133 0.021239725 0.277374923 -0.085203853 -0.035818114 0.000956123 0.995719063
1305031106.830651999 -0.018022442 0.010375617 0.264960522 -0.088367928 -0.039981523 -0.000650558 0.995284966
1305031106.866893053 -0.014163353 0.003315563 0.247403086 -0.083657204 -0.043339980 -0.003529602 0.995545408
1305031106.897828102 -0.013489505 0.006014656 0.227972971 -0.077713359 -0.042624759 -0.007865363 0.996033082
1305031106.930797100 -0.013018982 -0.003318969 0.213732204 -0.078049503 -0.041669924 -0.012309533 0.996002193
1305031106.967231989 -0.012045383 -0.011028096 0.197726151 -0.072805380 -0.039671153 -0.015792167 0.996431726
1305031106.998876095 -0.011561537 -0.005735077 0.172920447 -0.063168161 -0.036871813 -0.019227697 0.997136174
1305031107.030348063 -0.011253526 -0.014425736 0.159818996 -0.065478510 -0.034626217 -0.021420130 0.997022953
1305031107.066405058 -0.015683829 -0.023005082 0.143763611 -0.062181866 -0.032221111 -0.022508453 0.997290622
1305031107.098268032 -0.013730812 -0.020947823 0.126376116 -0.055733543 -0.033450358 -0.022803286 0.997624607
1305031107.130307913 -0.010633235 -0.020336217 0.111230602 -0.053132734 -0.033095056 -0.022963288 0.997774683
1305031107.165963888 -0.010478669 -0.027805458 0.100157572 -0.052302244 -0.031258918 -0.024094990 0.997851084
1305031107.198208094 -0.007498415 -0.032400845 0.087104804 -0.046137871 -0.029587893 -0.025313897 0.998175866
1305031107.235025883 -0.006638096 -0.032424279 0.072012404 -0.039296173 -0.026207454 -0.025646258 0.998554580
1305031107.267071009 -0.004032242 -0.037631377 0.060359843 -0.034519083 -0.023194441 -0.025705764 0.998804117
1305031107.299273014 -0.000551091 -0.044872920 0.047340309 -0.028632200 -0.020476293 -0.025974624 0.999042660
1305031107.334800005 0.004393602 -0.050384891 0.036499340 -0.018519025 -0.017952641 -0.025846996 0.999333118
1305031107.367182970 0.005120444 -0.044273436 0.023410402 -0.006854844 -0.012417160 -0.026134552 0.999557807
1305031107.399344921 0.007029043 -0.043246051 0.017074246 0.000267879 -0.007553577 -0.026882306 0.999610031
1305031107.434926033 0.010033234 -0.040907676 0.009604792 0.006217917 -0.003209234 -0.026498131 0.999624373
1305031107.467140913 0.012707123 -0.041464988 0.006177613 0.009269629 0.001191810 -0.025448645 0.999632442
1305031107.498425961 0.013738649 -0.035757666 0.001195616 0.012137910 0.005171947 -0.025229266 0.999594621
1305031107.534830093 0.017120325 -0.036749769 0.001679967 0.009211684 0.007398113 -0.022904155 0.999667851
1305031107.567014933 0.019829092 -0.042092758 0.004691711 0.007753627 0.009084431 -0.020244182 0.999723726
1305031107.598903894 0.021205905 -0.033586003 0.003781243 0.010156218 0.010608918 -0.018714798 0.999716989
1305031107.634943962 0.021710108 -0.033720528 0.006434327 0.006450475 0.012186614 -0.017626291 0.999749564
1305031107.667179108 0.021233385 -0.032778952 0.008807021 0.005416715 0.012822709 -0.017112695 0.999756667
1305031107.699389935 0.020053336 -0.028275570 0.010691717 0.004895811 0.012903928 -0.016239815 0.999772868
1305031107.735040903 0.016693563 -0.023486967 0.012159905 0.002468789 0.012364933 -0.015655623 0.999797937
1305031107.767894983 0.016598084 -0.024770773 0.014941456 -0.000977168 0.009607012 -0.016853935 0.999811330
1305031107.799544096 0.018411807 -0.022623809 0.017237664 -0.002912353 0.007247233 -0.016893604 0.999826786
1305031107.835751057 0.020886514 -0.021837042 0.019417508 -0.005572390 0.006425028 -0.017429773 0.999811918
1305031107.863504887 0.025956302 -0.026244521 0.022457562 -0.007492334 0.006638126 -0.020921200 0.999731016
1305031107.899221897 0.029005022 -0.026174722 0.024654736 -0.006484195 0.009611660 -0.023364435 0.999659779
1305031107.933609009 0.034987360 -0.027619127 0.026806131 -0.004883963 0.012505177 -0.023645538 0.999630260
1305031107.964839935 0.043215466 -0.026582898 0.030188238 -0.001956822 0.016247148 -0.022876159 0.999604363
1305031107.998469114 0.053100105 -0.025991478 0.032062991 0.002086146 0.020375171 -0.024798492 0.999482634
1305031108.034823895 0.068534678 -0.024692373 0.031539892 0.004592780 0.025591139 -0.022720730 0.999403706
1305031108.067270994 0.077992339 -0.026011449 0.037398780 0.005573764 0.034825131 -0.017707478 0.999220991
1305031108.099364996 0.084775346 -0.027954520 0.043787283 0.008132681 0.041851934 -0.017853125 0.998931199
1305031108.135281086 0.097325029 -0.024176159 0.045381565 0.011089373 0.044911622 -0.016759876 0.998788806
1305031108.167356968 0.106617166 -0.016507088 0.048121397 0.011058363 0.049016954 -0.013891217 0.998640118
1305031108.199224949 0.120532479 -0.018409100 0.052123196 0.005925069 0.049341397 -0.014328938 0.998661605
1305031108.235213041 0.138688060 -0.025535115 0.058235936 0.003337895 0.050847635 -0.015954672 0.998573395
1305031108.267659903 0.146438600 -0.018133689 0.059480497 0.005343027 0.056373735 -0.015726757 0.998271568
1305031108.299546957 0.153386224 -0.015526805 0.060459416 0.001847665 0.058152395 -0.015033427 0.998192808
1305031108.335019112 0.162399214 -0.013753285 0.064518011 -0.003723410 0.057213619 -0.012962724 0.998270858
1305031108.367285013 0.170742564 -0.013473198 0.068200145 -0.009434610 0.054987905 -0.007734902 0.998412485
1305031108.399283886 0.187889700 -0.011559129 0.071404657 -0.014047806 0.048970891 -0.001367302 0.998700476
1305031108.435023069 0.201478483 -0.010234353 0.074764968 -0.018432456 0.047308027 0.005366075 0.998695850
1305031108.467679977 0.215631392 -0.014007342 0.079069411 -0.022500245 0.046160099 0.012590087 0.998601259
1305031108.503547907 0.233344944 -0.015302467 0.085946286 -0.021872622 0.048038487 0.017051356 0.998460387
1305031108.534811020 0.245799196 -0.016360547 0.088103983 -0.017466261 0.055343894 0.015691810 0.998191239
1305031108.567153931 0.258161761 -0.010304587 0.084444887 -0.012734848 0.059833804 0.013598500 0.998034479
1305031108.603547096 0.271595994 -0.010097658 0.088249144 -0.013225815 0.065609100 0.014421312 0.997653522
1305031108.634212017 0.263022312 0.001073624 0.084980544 -0.008697640 0.080330491 0.016236506 0.996598083
1305031108.667188883 0.279154319 0.005536747 0.085079299 -0.010418881 0.084319058 0.020372792 0.996176035
1305031108.703346014 0.285901112 0.001612821 0.086823102 -0.016095778 0.093207021 0.024397352 0.995217638
1305031108.735052109 0.291675774 -0.000145847 0.089267526 -0.018033154 0.099226101 0.025526834 0.994573963
1305031108.767030954 0.299900444 0.001236548 0.088743870 -0.018875803 0.102990059 0.028061636 0.994107286
1305031108.803369999 0.303011326 0.000187627 0.092385439 -0.020743479 0.107243288 0.032614058 0.993481207
1305031108.835163116 0.305076415 -0.002878393 0.092261678 -0.020504400 0.107043282 0.038012986 0.993315820
1305031108.867533922 0.305921503 -0.002599831 0.089852316 -0.018223258 0.104214540 0.044024657 0.993412841
1305031108.903539896 0.306962195 -0.007529750 0.089689828 -0.016623195 0.100831742 0.049347939 0.993539838
1305031108.935116053 0.304974962 -0.008400484 0.084617005 -0.011336097 0.096996221 0.050429879 0.993941675
1305031108.967245102 0.302158478 -0.001842586 0.078528012 -0.005758959 0.090109453 0.047909242 0.994762195
1305031109.003063917 0.301764520 -0.002494956 0.077972865 -0.006666918 0.086052583 0.046888081 0.995164315
1305031109.034955025 0.296494285 -0.002656659 0.076363747 -0.005620179 0.084493334 0.044013913 0.995435616
1305031109.067090988 0.289023853 0.005281821 0.072386319 -0.004782619 0.081475249 0.038850190 0.995906408
1305031109.103293896 0.279880594 0.001228911 0.072963567 -0.010060453 0.080694034 0.036088914 0.996034563
1305031109.134968042 0.263554130 -0.001733650 0.074496782 -0.011581088 0.079907249 0.032715189 0.996197986
1305031109.165848017 0.254243002 0.004039590 0.071067739 -0.010006775 0.072772794 0.029583796 0.996859460
1305031109.203387976 0.242879554 0.010001166 0.066632845 -0.013953393 0.068418609 0.031004401 0.997077191
1305031109.234323978 0.230229842 0.007652070 0.069403486 -0.023425500 0.066090184 0.036593202 0.996867228
1305031109.266324997 0.232987537 -0.003375163 0.076585950 -0.029721941 0.054203652 0.041624617 0.997219114
1305031109.303457022 0.225167941 0.000879555 0.071000467 -0.025964086 0.043002652 0.042439299 0.997835429
1305031109.334602118 0.189242323 0.008229693 0.068547243 -0.025819496 0.042838231 0.041429580 0.997888686
1305031109.364881992 0.181316977 0.005592184 0.074250472 -0.029274543 0.032544045 0.041541570 0.998177431
1305031109.403386116 0.172450021 0.008904336 0.070152730 -0.028877238 0.023029435 0.037478058 0.998614613
1305031109.434468985 0.160326934 0.011332461 0.068625870 -0.031968960 0.017654817 0.032026771 0.998819593
1305031109.467361927 0.125082631 0.014354846 0.070066985 -0.032975472 0.023674552 0.028453030 0.998770524
1305031109.503192902 0.112312140 0.009968689 0.069933520 -0.033896398 0.021169645 0.024224757 0.998907424
1305031109.535715103 0.099948357 0.011641702 0.066981236 -0.030786056 0.019278255 0.022098737 0.999095698
1305031109.567451954 0.101427751 0.007258565 0.060672292 -0.032900984 0.012300127 0.021862981 0.999143754
1305031109.603600979 0.087017620 0.008453557 0.058739471 -0.032826647 0.010969505 0.019327868 0.999213948
1305031109.635323048 0.076713554 0.009410089 0.056608828 -0.033400668 0.009218245 0.019019700 0.999218530
1305031109.667570114 0.059646436 0.011940385 0.055168005 -0.035292793 0.010065739 0.021260226 0.999100146
1305031109.703264952 0.046362091 0.015650548 0.054423864 -0.037191570 0.006684766 0.020249772 0.999080601
1305031109.735059023 0.030843154 0.015384057 0.053911553 -0.041942745 0.004537143 0.019428650 0.998920792
1305031109.767469883 0.022774861 0.013249912 0.056316692 -0.045857318 0.001336470 0.020259192 0.998741651
1305031109.803395987 0.006731033 0.016417641 0.056485271 -0.047259506 0.001052911 0.018880301 0.998703642
1305031109.834909916 -0.008524932 0.017763074 0.058043210 -0.050376822 -0.000832893 0.018109266 0.998565740
1305031109.871270895 -0.024141027 0.018676408 0.061658044 -0.053908368 -0.004053687 0.015854540 0.998411783
1305031109.900535107 -0.040603462 0.016549285 0.065527594 -0.055740539 -0.008882273 0.011137554 0.998343654
1305031109.934959888 -0.051698776 0.026705385 0.066186043 -0.054744483 -0.012617572 0.007440548 0.998392947
1305031109.970212936 -0.064237940 0.021756949 0.070447231 -0.060994723 -0.015230914 0.002299806 0.998019225
1305031109.999656916 -0.075754191 0.022604778 0.073488467 -0.063247537 -0.018320852 -0.004482311 0.997819625
1305031110.031356096 -0.087780033 0.022791986 0.076648743 -0.065927152 -0.019567932 -0.011180735 0.997569896
1305031110.068125010 -0.103981460 0.025533903 0.076985401 -0.067467216 -0.018578325 -0.016439380 0.997413038
1305031110.101397038 -0.118373671 0.024497247 0.081115099 -0.072802541 -0.020097534 -0.021345415 0.996915369
1305031110.132317066 -0.136224251 0.018280882 0.084141296 -0.075803069 -0.021176735 -0.025179138 0.996579877
1305031110.168323040 -0.144839464 0.025409543 0.083591326 -0.075607669 -0.025604227 -0.026085950 0.996467474
1305031110.203161955 -0.157541422 0.021474697 0.087340135 -0.080851763 -0.028414976 -0.027739220 0.995934796
1305031110.234909058 -0.161519774 0.017162519 0.087513241 -0.082631241 -0.036469654 -0.027194213 0.995541319
1305031110.271394014 -0.168271954 0.015987526 0.088653171 -0.081330877 -0.041486544 -0.027806767 0.995435050
1305031110.303647995 -0.181871807 0.017387945 0.087815818 -0.078349046 -0.043932175 -0.029541133 0.995519318
1305031110.331569910 -0.193512910 0.022159618 0.087671450 -0.075919290 -0.048611086 -0.030562468 0.995459271
1305031110.371607065 -0.205884716 0.022791689 0.087618725 -0.074709880 -0.053933850 -0.034005380 0.995164915
1305031110.403480053 -0.216881338 0.025456434 0.080889541 -0.074415096 -0.060542451 -0.036974327 0.994700912
1305031110.435647011 -0.226726725 0.027202082 0.082971420 -0.078824345 -0.067086686 -0.040466095 0.993805109
1305031110.470587969 -0.240194438 0.027044166 0.086233515 -0.081430029 -0.073848888 -0.046172650 0.992866345
1305031110.502538919 -0.250626997 0.027932993 0.085899820 -0.081678875 -0.081669556 -0.049436139 0.992075961
1305031110.534532070 -0.263209641 0.033964144 0.085113865 -0.082062396 -0.087405851 -0.052391022 0.991403632
1305031110.571676016 -0.272256408 0.037072845 0.084361135 -0.086233734 -0.093619587 -0.057260948 0.990212250
1305031110.604289055 -0.278546715 0.031953633 0.090115002 -0.091905965 -0.098647206 -0.060344504 0.989030112
1305031110.635484934 -0.288538365 0.030956702 0.088858840 -0.090491990 -0.100692922 -0.062811402 0.988800720
1305031110.671775103 -0.296884231 0.037202190 0.082991544 -0.089161279 -0.102384675 -0.065532547 0.988571257
1305031110.699956894 -0.302527565 0.035897997 0.087551893 -0.093071355 -0.104720197 -0.066509701 0.987900735
1305031110.735440016 -0.308225261 0.035250840 0.088304301 -0.093535321 -0.106361959 -0.067724130 0.987598967
1305031110.769733906 -0.311079961 0.037027500 0.087300058 -0.093106792 -0.108182420 -0.068470578 0.987390231
1305031110.799684048 -0.323660498 0.040280231 0.091450740 -0.092867021 -0.104056871 -0.070959482 0.987680432
1305031110.835247993 -0.326989801 0.040766457 0.092502646 -0.094100610 -0.105906778 -0.072698413 0.987240483
1305031110.871293068 -0.324736648 0.041352737 0.093070553 -0.093803150 -0.108775665 -0.072435972 0.986976116
1305031110.901900053 -0.323823351 0.041726072 0.093554444 -0.094676763 -0.110110323 -0.072984441 0.986704261
1305031110.938668013 -0.318711582 0.042922961 0.095350579 -0.094213521 -0.113066203 -0.073579928 0.986370032
1305031110.971316099 -0.310656113 0.047195469 0.096783931 -0.092993192 -0.112978707 -0.074300968 0.986441810
1305031111.003669024 -0.303412209 0.046354598 0.101222472 -0.094817843 -0.108409963 -0.072808194 0.986892002
1305031111.039669037 -0.297039114 0.045936763 0.098401834 -0.093780079 -0.102493263 -0.070653773 0.987779567
1305031111.071604967 -0.288311962 0.045031848 0.095456092 -0.096614621 -0.100448142 -0.067555049 0.987933247
1305031111.103657961 -0.279148837 0.042863043 0.100514457 -0.098392803 -0.098558663 -0.063952432 0.988187802
1305031111.139210939 -0.269585173 0.040703026 0.102054347 -0.097038420 -0.096262623 -0.062891230 0.988616076
1305031111.170937061 -0.257376154 0.037263614 0.095257147 -0.095654422 -0.092202299 -0.061951950 0.989197111
1305031111.199394941 -0.250046171 0.036647025 0.092566927 -0.094238321 -0.082324354 -0.059430855 0.990358426
1305031111.236670017 -0.244868081 0.033688771 0.094707911 -0.094255474 -0.078213436 -0.059553772 0.990682549
1305031111.269938946 -0.229728627 0.033776802 0.098366985 -0.089303667 -0.077307897 -0.056782808 0.991374832
1305031111.302310944 -0.223004867 0.036591033 0.089378364 -0.085164741 -0.070649304 -0.054680985 0.992353582
1305031111.339459896 -0.215446630 0.039409583 0.093985353 -0.087863672 -0.073276880 -0.054411087 0.991942492
1305031111.370908022 -0.199205137 0.031637561 0.099819149 -0.089089206 -0.076563365 -0.049301979 0.991852045
1305031111.402910948 -0.186147139 0.033232219 0.094704570 -0.083616691 -0.079336104 -0.051074536 0.992020878
1305031111.438947916 -0.168160515 0.034404985 0.098741288 -0.083410749 -0.086572901 -0.055167922 0.991213539
1305031111.470918894 -0.147908853 0.028087346 0.097670519 -0.081950170 -0.079845658 -0.051956664 0.992073256
1305031111.503530979 -0.140643453 0.028175601 0.095783220 -0.077403851 -0.066980066 -0.052710978 0.993349821
1305031111.539482117 -0.125777031 0.023591573 0.095439101 -0.074350543 -0.060472132 -0.051224452 0.994078052
1305031111.571320057 -0.119608073 0.027577896 0.087555317 -0.069079813 -0.047346825 -0.046391542 0.995406491
1305031111.603390932 -0.098788921 0.027252693 0.096244606 -0.070108018 -0.048837131 -0.039748837 0.995550014
1305031111.639405012 -0.078250869 0.018076670 0.098987386 -0.069000881 -0.051440180 -0.031404045 0.995794443
1305031111.671252012 -0.057486913 0.023969626 0.094491947 -0.062494250 -0.045372179 -0.022206478 0.996766124
1305031111.703790903 -0.047744218 0.024268462 0.097280532 -0.061874140 -0.035664762 -0.021456134 0.997215749
1305031111.739504099 -0.022790456 0.016091224 0.097698691 -0.060360866 -0.026048928 -0.016300916 0.997703513
1305031111.771228075 -0.011787879 0.017955019 0.094634061 -0.056685448 -0.006712255 -0.013573896 0.998277244
1305031111.800076962 -0.003896921 0.021878879 0.100445863 -0.051743742 0.008406002 -0.013211073 0.998537627
1305031111.839333057 0.006672687 0.022892835 0.096778180 -0.047693836 0.018981043 -0.011795214 0.998611982
1305031111.870985031 0.025704324 0.021726420 0.094364691 -0.048788935 0.021443092 -0.008415550 0.998543445
1305031111.903356075 0.030439431 0.015756127 0.096025724 -0.049453995 0.023065164 -0.003250642 0.998504749
1305031111.939680099 0.047243300 0.017446869 0.095660746 -0.046992537 0.018175005 0.006005982 0.998711820
1305031111.971493959 0.069394339 0.018597835 0.096112991 -0.046074863 0.017130361 0.013753371 0.998696402
1305031112.003596067 0.082784823 0.018731046 0.098488051 -0.043428522 0.024776830 0.012727895 0.998668150
1305031112.039412022 0.101063215 0.016595851 0.094509329 -0.040391501 0.031859302 0.011010971 0.998615176
1305031112.070730925 0.113790316 0.017323322 0.095234605 -0.037814145 0.043954184 0.010343711 0.998264057
1305031112.102494955 0.116814408 0.020813925 0.099758436 -0.033606350 0.054878502 0.004279442 0.997918158
1305031112.139106989 0.138906352 0.025224192 0.101032016 -0.031691189 0.056424426 -0.001488402 0.997902669
1305031112.169344902 0.146858298 0.024171082 0.099404317 -0.034730646 0.073043789 -0.003594547 0.996717345
1305031112.207732916 0.156906721 0.016799022 0.107271206 -0.036612733 0.083830645 -0.008168882 0.995773669
1305031112.235656977 0.165881163 0.012108293 0.105934270 -0.031005984 0.094971829 -0.014523809 0.994890969
1305031112.269488096 0.167708844 0.014587608 0.106962720 -0.024397102 0.104675085 -0.018146688 0.994041551
1305031112.303591013 0.173244879 0.008013975 0.107903082 -0.020205634 0.109228396 -0.019113240 0.993627482
1305031112.335788965 0.166750483 0.012996927 0.110225004 -0.012335253 0.117585097 -0.018557690 0.992812771
1305031112.371231079 0.177673326 0.014377291 0.108493358 -0.007403413 0.115810412 -0.014681635 0.993135231
1305031112.407490969 0.191087161 0.015646157 0.107149673 -0.004368148 0.112751267 -0.010505251 0.993558106
1305031112.439064026 0.203222830 0.011068723 0.107354951 -0.003203105 0.111692245 -0.003947685 0.993729842
1305031112.471065998 0.211646264 0.012416976 0.104678197 0.000985220 0.109983890 0.005257572 0.993918976
1305031112.506669044 0.221380615 0.012089399 0.103373485 0.003484388 0.106081355 0.012958743 0.994266904
1305031112.538310051 0.232884161 0.011468215 0.102583038 0.006020929 0.102086493 0.016968444 0.994612572
1305031112.567470074 0.241845330 0.012935997 0.101032332 0.008734984 0.098793791 0.022605842 0.994812778
1305031112.606741905 0.261064652 0.018553010 0.096189653 0.010736490 0.095304601 0.029869562 0.994941993
1305031112.639417887 0.258617149 0.019954503 0.091879079 0.009026143 0.106279121 0.037041919 0.993605140
1305031112.671324968 0.262232799 0.019548396 0.092702702 0.007027603 0.112524072 0.040242057 0.992808906
1305031112.707324982 0.264279615 0.021647546 0.092526588 0.005625509 0.117282685 0.042199979 0.992185611
1305031112.739546061 0.265267713 0.032945981 0.096740346 0.004148322 0.121532045 0.046096367 0.991507881
1305031112.771522999 0.263371928 0.025124478 0.096854136 -0.006084116 0.125956600 0.048120223 0.990849314
1305031112.807538986 0.254493272 0.022819019 0.097758900 -0.008300076 0.127621602 0.048226032 0.990615004
1305031112.839560032 0.252746828 0.029373692 0.096254824 -0.008827716 0.120750321 0.044018170 0.991667198
1305031112.871083021 0.251217959 0.028868588 0.098181547 -0.012803074 0.117596187 0.046407672 0.991893919
1305031112.907246113 0.242291510 0.028650964 0.099920763 -0.015591612 0.115638292 0.048637245 0.991977371
1305031112.939322948 0.268489864 0.014857604 0.103307397 -0.024089171 0.095700271 0.046911446 0.994012317
1305031112.971163988 0.263999578 0.015197878 0.103590169 -0.024580045 0.089390062 0.044456419 0.994700390
1305031113.007165909 0.258389111 0.018573949 0.099625637 -0.025339784 0.085726463 0.044434926 0.995004727
1305031113.039491892 0.249612907 0.018460007 0.099063788 -0.029420472 0.084076071 0.042607481 0.995113186
1305031113.071209908 0.234226638 0.008443890 0.101817411 -0.032893492 0.083631559 0.037163402 0.995260098
1305031113.107661963 0.226576639 0.013941279 0.096638054 -0.028733080 0.076533314 0.032149281 0.996134271
1305031113.139663935 0.217428988 0.018324640 0.093532348 -0.030094905 0.073557820 0.030947874 0.996356248
1305031113.171087980 0.202400100 0.012266393 0.097223091 -0.034386325 0.073227276 0.032406323 0.996195351
1305031113.207180977 0.185414557 0.012291740 0.094970457 -0.032340163 0.068964860 0.033904082 0.996518176
1305031113.239732027 0.173127664 0.017346974 0.092045362 -0.032881678 0.061667968 0.034581076 0.996955368
1305031113.271470070 0.159066735 0.010477486 0.097387211 -0.036841676 0.056620868 0.036804078 0.997036724
1305031113.307322979 0.144388471 0.005164603 0.097482281 -0.033025553 0.049410719 0.039692158 0.997442944
1305031113.339396000 0.110054154 0.019558522 0.092438284 -0.021783356 0.047502692 0.038564895 0.997888635
1305031113.371376991 0.097156025 0.018753000 0.094417909 -0.025665292 0.037939454 0.036627534 0.998278676
1305031113.407351017 0.079563643 0.011066588 0.100636545 -0.027186572 0.030777242 0.037419993 0.998455505
1305031113.439786911 0.061054946 0.021835677 0.098600164 -0.021584434 0.024931979 0.031123767 0.998971381
1305031113.475656986 0.058311028 0.013647762 0.095727585 -0.029031783 0.011398219 0.025657334 0.999184136
1305031113.507987022 0.043297639 0.009835710 0.098219785 -0.034035227 0.005285356 0.024208365 0.999113419
1305031113.539417028 0.026031394 0.008194028 0.102434022 -0.036001725 -0.001257167 0.020868593 0.999133023
1305031113.574964046 0.012230231 0.012417322 0.100363550 -0.034667942 -0.006652022 0.015978250 0.999249008
1305031113.607215881 -0.000794469 0.011340486 0.099982567 -0.037952530 -0.009985986 0.011629384 0.999161970
1305031113.638417959 -0.013037858 0.010969189 0.101066373 -0.040748694 -0.010803105 0.008233806 0.999077095
1305031113.674243927 -0.027847061 0.010082445 0.101675435 -0.041904488 -0.010061123 0.004544809 0.999060625
1305031113.704256058 -0.041579394 0.009122404 0.101640785 -0.042238588 -0.009480387 -0.000364032 0.999062506
1305031113.736263037 -0.054160742 0.011459398 0.101682151 -0.040577614 -0.007123935 -0.005676520 0.999134868
1305031113.774168015 -0.070104091 0.008392329 0.102915131 -0.040685400 -0.003989951 -0.009825865 0.999115724
1305031113.805794954 -0.082905838 0.010993143 0.102840776 -0.038986347 -0.003174191 -0.011673862 0.999166508
1305031113.838437080 -0.096560724 0.014239428 0.104070676 -0.038719242 -0.001014864 -0.015587248 0.999128034
1305031113.874200106 -0.114651658 0.007005959 0.107791793 -0.039256593 0.000419749 -0.020401819 0.999020775
1305031113.906361103 -0.124928446 0.011987064 0.106516063 -0.034855325 -0.001712985 -0.020152611 0.999187692
1305031113.938560963 -0.145855132 0.012232026 0.110028043 -0.032263544 0.004850070 -0.022545054 0.999213321
1305031113.974245071 -0.162245577 0.013253854 0.111003895 -0.028610648 0.007542008 -0.028135022 0.999166137
1305031114.007081985 -0.179663336 0.015678449 0.111275525 -0.024779732 0.009414230 -0.033292907 0.999094049
1305031114.038546085 -0.196812660 0.013830595 0.111727110 -0.024424130 0.007347988 -0.036510990 0.999007716
1305031114.074297905 -0.210231170 0.013863253 0.113819338 -0.022026590 0.001425874 -0.037255042 0.999061989
1305031114.106401920 -0.216630982 0.014278156 0.108816756 -0.019898412 -0.008325589 -0.041386885 0.998910338
1305031114.138561964 -0.227480545 0.013687788 0.109901190 -0.020341373 -0.014091805 -0.043923030 0.998728400
1305031114.174113989 -0.235607176 0.009971945 0.113489535 -0.018891403 -0.018002251 -0.045347599 0.998630377
1305031114.206254959 -0.261111181 0.026087453 0.114392424 -0.012169353 -0.012418866 -0.048377494 0.998677774
1305031114.238472939 -0.277302854 0.025701345 0.119030200 -0.014703041 -0.014278097 -0.052371906 0.998417318
1305031114.271075010 -0.292397247 0.026210041 0.121731166 -0.014429316 -0.020425290 -0.054202293 0.998216767
1305031114.306710005 -0.301379707 0.028844049 0.123443962 -0.015111083 -0.029523375 -0.054351774 0.997970896
1305031114.338918924 -0.313356598 0.029088755 0.126764283 -0.016073725 -0.035028879 -0.056864310 0.997637742
1305031114.374306917 -0.321916141 0.028294641 0.129378957 -0.016125945 -0.037577606 -0.060897872 0.997306035
1305031114.406590939 -0.335234126 0.028732680 0.129906717 -0.015079289 -0.038604602 -0.065189770 0.997011832
1305031114.438539982 -0.345500377 0.028956185 0.128617833 -0.015460144 -0.043567629 -0.067021133 0.996679995
1305031114.474488974 -0.357020096 0.027596072 0.130977606 -0.016218990 -0.050584889 -0.067965882 0.996272429
1305031114.506572962 -0.363504871 0.028471098 0.130533014 -0.016911322 -0.059603366 -0.068947351 0.995694586
1305031114.539952993 -0.365428923 0.026567047 0.133279941 -0.020379684 -0.065146513 -0.067408790 0.995387691
1305031114.575185061 -0.370130161 0.024622870 0.134492196 -0.022110947 -0.066245371 -0.063903809 0.995509397
1305031114.607559919 -0.377135828 0.027246309 0.133864289 -0.023859456 -0.066330108 -0.061956458 0.995586481
1305031114.644150019 -0.381980311 0.024708704 0.134209282 -0.029581687 -0.070110646 -0.061421574 0.995206919
1305031114.675654888 -0.386712829 0.022089958 0.136168018 -0.032845761 -0.076558303 -0.062014645 0.994592462
1305031114.706140995 -0.385467311 0.019277749 0.137579124 -0.034091687 -0.082525472 -0.060670552 0.994156118
1305031114.743275881 -0.385540404 0.018331405 0.138944980 -0.033284673 -0.086135536 -0.064010897 0.993667653
1305031114.774847031 -0.383936088 0.018391582 0.136068200 -0.031093628 -0.088333072 -0.067158781 0.993337884
1305031114.807310104 -0.383123080 0.022184287 0.134869939 -0.030127398 -0.088038910 -0.068227493 0.993320945
1305031114.842137098 -0.381300070 0.021351262 0.134771872 -0.030449759 -0.089039777 -0.070472302 0.993065146
1305031114.875056028 -0.377040955 0.024365736 0.133607601 -0.030244743 -0.089696806 -0.070174385 0.993033380
1305031114.907504082 -0.373794414 0.026709533 0.133202773 -0.030896828 -0.089772398 -0.070593778 0.992976747
1305031114.943264008 -0.363476801 0.029952093 0.135178696 -0.032676541 -0.091226775 -0.071869921 0.992695640
1305031114.975410938 -0.358655967 0.032541759 0.135663175 -0.034394248 -0.088244287 -0.072924753 0.992830279
1305031115.007179022 -0.344392164 0.034031968 0.132250523 -0.038845778 -0.090290934 -0.074062757 0.992397733
1305031115.043529987 -0.332763205 0.031361883 0.138644865 -0.043289036 -0.088958419 -0.073901838 0.992346198
1305031115.071577072 -0.323556707 0.034766932 0.137758238 -0.043977518 -0.085523608 -0.074702575 0.992557916
1305031115.107074022 -0.314358176 0.036350007 0.145948179 -0.046893045 -0.079235360 -0.072091373 0.993139282
1305031115.143294096 -0.305837954 0.034203365 0.148480581 -0.048775047 -0.069153327 -0.070658966 0.993904484
1305031115.172641993 -0.299647977 0.035789447 0.148888516 -0.049968046 -0.063530062 -0.070292453 0.994246497
1305031115.206453085 -0.276550954 0.030044747 0.155884157 -0.051530872 -0.066197171 -0.065255207 0.994336091
1305031115.240974903 -0.265661260 0.026876117 0.157449463 -0.047626938 -0.059582984 -0.062726751 0.995111500
1305031115.273468018 -0.249075305 0.033780209 0.159027066 -0.044518778 -0.057860786 -0.058155947 0.995634518
1305031115.305533886 -0.228223371 0.026460525 0.169931870 -0.046493249 -0.054485997 -0.051346667 0.996109017
1305031115.343425989 -0.211738300 0.028604363 0.164651952 -0.041815707 -0.045550446 -0.048049734 0.996929198
1305031115.375053883 -0.208467523 0.032523394 0.159635914 -0.046251912 -0.039081937 -0.042995660 0.997238555
1305031115.406163931 -0.198991329 0.031746386 0.167474866 -0.052046412 -0.043391145 -0.041499950 0.996838068
1305031115.443039894 -0.162531805 0.033910644 0.176078720 -0.054390102 -0.052948006 -0.034045062 0.996533572
1305031115.474863052 -0.148215346 0.034132978 0.177898004 -0.058682205 -0.051952816 -0.028855899 0.996506217
1305031115.507440090 -0.121831082 0.031927206 0.182391718 -0.062412233 -0.052185773 -0.021944923 0.996443565
1305031115.543620110 -0.106835161 0.030533141 0.183574050 -0.062088755 -0.037236462 -0.016236091 0.997243612
1305031115.575289965 -0.080006602 0.030157097 0.182214027 -0.060972899 -0.030279220 -0.010892732 0.997620581
1305031115.607428074 -0.067277092 0.029067960 0.181221070 -0.060056909 -0.022505199 -0.005927371 0.997923619
1305031115.643254042 -0.046827220 0.026420872 0.181177740 -0.059288474 -0.017684092 0.002247168 0.998081710
1305031115.675106049 -0.038361048 0.024800150 0.177724391 -0.057728128 -0.012432860 0.011671968 0.998186682
1305031115.706300974 -0.009946660 0.028767778 0.177826613 -0.056206679 -0.016954668 0.021821691 0.998036654
1305031115.742904902 0.014742166 0.027756286 0.181849001 -0.056664304 -0.012783830 0.029091193 0.997887485
1305031115.774328947 0.029535362 0.026370674 0.176430393 -0.054761672 -0.001993529 0.035995258 0.997848449
1305031115.806425095 0.046549794 0.028109194 0.171375471 -0.054089737 0.007470884 0.043878486 0.997543565
1305031115.841936111 0.060028887 0.029097985 0.175213585 -0.055801607 0.018096274 0.051315827 0.996958069
1305031115.875346899 0.065636941 0.025520653 0.175290645 -0.055091229 0.027451850 0.057739267 0.996432401
1305031115.910716057 0.069670487 0.035929430 0.178621841 -0.048611268 0.036145703 0.063300494 0.996154346
1305031115.942014933 0.083480744 0.038825020 0.178859668 -0.048510896 0.043142895 0.069401149 0.995474191
1305031115.973798990 0.097307852 0.042983581 0.179258825 -0.048440726 0.048214151 0.074479255 0.994877747
1305031116.010843039 0.120250201 0.046242805 0.181848202 -0.050186272 0.053239561 0.077656122 0.994291916
1305031116.042618036 0.142970592 0.037581256 0.180324511 -0.058239909 0.062361534 0.078935310 0.993221208
1305031116.071527004 0.147142395 0.045441986 0.181096497 -0.059814017 0.075780688 0.082370297 0.991914666
1305031116.108247042 0.160714071 0.048782792 0.186818072 -0.065569559 0.085336267 0.085383226 0.990519086
1305031116.143446922 0.165960935 0.046144802 0.190434225 -0.070550306 0.096555166 0.088282937 0.988891236
1305031116.174890995 0.180054419 0.050603194 0.193196080 -0.071148699 0.099414239 0.090543837 0.988360504
1305031116.211319923 0.191042724 0.053415261 0.195010022 -0.074322537 0.104770244 0.093811074 0.987268372
1305031116.242719889 0.190853002 0.049725061 0.194635762 -0.077322971 0.115517825 0.097941934 0.985436029
1305031116.274420977 0.199689920 0.054097235 0.193363253 -0.075275083 0.124718427 0.100946727 0.984169058
1305031116.310686111 0.208871050 0.053458340 0.192444428 -0.078943374 0.133233772 0.104417805 0.982401969
1305031116.342458963 0.215815241 0.042340252 0.194541538 -0.084077627 0.139674644 0.108164362 0.980674471
1305031116.374490023 0.219660868 0.038398470 0.190525175 -0.079729983 0.143218515 0.108044335 0.980539652
1305031116.409631014 0.221358299 0.045148786 0.185534551 -0.073410010 0.144847012 0.111515760 0.980405298
1305031116.442496061 0.220533378 0.050473145 0.184381481 -0.073305329 0.147551405 0.120640589 0.978928373
1305031116.473393917 0.218020654 0.044820524 0.189528454 -0.075445191 0.150476280 0.123454757 0.977969240
1305031116.510576010 0.213712010 0.046173230 0.186988681 -0.072597442 0.150094290 0.119628700 0.978718698
1305031116.542695045 0.206443626 0.046873502 0.184315231 -0.070025850 0.150842331 0.115122104 0.979331340
1305031116.574388981 0.194785396 0.050053556 0.184544818 -0.068914308 0.150512465 0.112254729 0.979793699
1305031116.610891104 0.184517141 0.044245479 0.183897319 -0.070981993 0.145409983 0.106336348 0.981075978
1305031116.642663956 0.170760145 0.044373779 0.182036196 -0.069483604 0.138245238 0.097486127 0.983136175
1305031116.674523115 0.165011266 0.044545298 0.177952502 -0.069463192 0.127068661 0.088918513 0.985455183
1305031116.710942030 0.150303071 0.045496282 0.175460686 -0.068721117 0.123024355 0.079113066 0.986855379
1305031116.740575075 0.132299448 0.052188930 0.175187819 -0.067377926 0.119667873 0.067575046 0.988217298
1305031116.775058985 0.118936172 0.050898459 0.175044292 -0.070760783 0.114603725 0.057738102 0.989204331
1305031116.811342955 0.097329577 0.049432965 0.177482369 -0.070961136 0.113132930 0.049254756 0.989817875
1305031116.840369940 0.076024125 0.051034467 0.174034290 -0.068673123 0.105715740 0.041491732 0.991154186
1305031116.871726036 0.061453617 0.052025331 0.174491336 -0.070030957 0.094409040 0.035759496 0.992423225
1305031116.907954931 0.056283615 0.041176253 0.165918488 -0.074467414 0.076718118 0.030963807 0.993785780
1305031116.940625906 0.047474439 0.046109985 0.164806653 -0.073897063 0.059415714 0.023690160 0.995212426
1305031116.974656105 0.031266946 0.044130994 0.166483823 -0.074356726 0.047131216 0.013805635 0.996021651
1305031117.008811951 0.012928484 0.048628699 0.164400795 -0.071392122 0.036141823 0.005996018 0.996775291
1305031117.042064905 -0.000222805 0.054087623 0.163838775 -0.070407521 0.025010193 0.000580382 0.997204560
1305031117.071181059 -0.014760797 0.055958351 0.161684320 -0.072377239 0.014646412 -0.004869582 0.997257893
1305031117.110454082 -0.027268474 0.056200266 0.162208437 -0.074898239 0.003391588 -0.005733649 0.997168931
1305031117.142383099 -0.057737570 0.068815490 0.167589016 -0.073067092 0.001148052 -0.006606180 0.997304487
1305031117.175059080 -0.064442835 0.070217856 0.170094103 -0.076025727 -0.008875519 -0.011608762 0.996998772
1305031117.207752943 -0.067654394 0.069168367 0.162209809 -0.079021593 -0.017975759 -0.014325116 0.996607872
1305031117.241339922 -0.066918041 0.075566923 0.162943955 -0.080602217 -0.022038214 -0.015845991 0.996376688
1305031117.276515961 -0.067381871 0.072255985 0.165988582 -0.086669406 -0.022272065 -0.020040706 0.995786493
1305031117.310121059 -0.072473487 0.068079657 0.167698734 -0.091436477 -0.019722135 -0.021561859 0.995382085
1305031117.341043949 -0.074112311 0.063227958 0.169380539 -0.094098700 -0.020261203 -0.022301266 0.995106814
1305031117.375066996 -0.075808619 0.058343215 0.169585338 -0.094236942 -0.020100235 -0.022580159 0.995090707
1305031117.408538103 -0.077714138 0.051953903 0.169685559 -0.093815153 -0.021479732 -0.021977386 0.995115236
1305031117.442208052 -0.077588940 0.050175377 0.168536928 -0.090201212 -0.023224845 -0.020485663 0.995441955
1305031117.475651026 -0.077169163 0.042557047 0.168647518 -0.089458727 -0.024575860 -0.019384132 0.995498578
1305031117.508882046 -0.074683034 0.029799270 0.165963381 -0.088820676 -0.028211400 -0.018158838 0.995482426
1305031117.539736032 -0.075555898 0.026040017 0.164851228 -0.083254492 -0.028927748 -0.017881867 0.995947847
1305031117.577860117 -0.077230568 0.021105917 0.165044405 -0.079936160 -0.030191975 -0.019458845 0.996152603
1305031117.607777119 -0.078080079 0.014266061 0.167238853 -0.079069709 -0.031875547 -0.018501786 0.996187540
1305031117.643284082 -0.079536946 0.005012310 0.168429782 -0.077871730 -0.033792962 -0.017435520 0.996237939
1305031117.675482988 -0.079804423 -0.000777395 0.170574229 -0.077471393 -0.036684599 -0.016731447 0.996178941
1305031117.711215019 -0.079055861 -0.011501350 0.175361851 -0.078974133 -0.039683415 -0.014045934 0.995987462
1305031117.742995024 -0.079050904 -0.021272347 0.179596681 -0.079131759 -0.042026108 -0.010813612 0.995919192
1305031117.778969049 -0.078235310 -0.029163472 0.181382403 -0.078876420 -0.045283630 -0.009174182 0.995813104
1305031117.811059952 -0.075669540 -0.042658239 0.187772197 -0.081394116 -0.048350332 -0.006865484 0.995484861
1305031117.843307018 -0.072290053 -0.051713754 0.191936682 -0.078770492 -0.048987452 -0.005937466 0.995670721
1305031117.879467010 -0.074208347 -0.058788786 0.194306018 -0.077067897 -0.045365236 -0.006336282 0.995973085
1305031117.908761978 -0.075351663 -0.071691724 0.200504936 -0.077761578 -0.043535399 -0.006284701 0.996001159
1305031117.943272114 -0.076086511 -0.077809235 0.203316857 -0.075529097 -0.041218417 -0.006818221 0.996267991
1305031117.979263067 -0.078414762 -0.086304561 0.208117384 -0.077326509 -0.039112026 -0.007195775 0.996212368
1305031118.011013031 -0.077458593 -0.100215779 0.216294196 -0.080318866 -0.039635930 -0.007193455 0.995954882
1305031118.043549061 -0.078036463 -0.109254906 0.221018262 -0.079090419 -0.038129736 -0.007257443 0.996111519
1305031118.079369068 -0.076599881 -0.118263765 0.225432040 -0.079022224 -0.037324269 -0.008707394 0.996135818
1305031118.110862970 -0.079514321 -0.124894788 0.238062052 -0.076912296 -0.030276483 -0.008980877 0.996537594
1305031118.142285109 -0.083077496 -0.132692099 0.241712361 -0.074909131 -0.024696230 -0.011026304 0.996823524
1305031118.178169966 -0.082052388 -0.146125338 0.248164011 -0.075797510 -0.022427055 -0.012352981 0.996794446
1305031118.210782051 -0.085405247 -0.159770452 0.251617038 -0.074277907 -0.019341021 -0.011238296 0.996986669
1305031118.242948055 -0.086321210 -0.168365918 0.254815628 -0.070941944 -0.020310964 -0.011439835 0.997208020
1305031118.278990984 -0.083985165 -0.181308092 0.259580221 -0.068425560 -0.021290823 -0.011322512 0.997364750
1305031118.310730934 -0.084150514 -0.192374356 0.259154060 -0.063373625 -0.022318886 -0.012408798 0.997663106
1305031118.342078924 -0.080385588 -0.196579872 0.262430273 -0.057985192 -0.022470751 -0.013194915 0.997977293
1305031118.377002954 -0.084330598 -0.204727783 0.264895254 -0.054227389 -0.019818820 -0.014957415 0.998219856
1305031118.408818007 -0.085761511 -0.207514921 0.265029494 -0.050897343 -0.021208985 -0.015080251 0.998364776
1305031118.445703030 -0.083462068 -0.207319185 0.268090841 -0.048606777 -0.021993567 -0.012426775 0.998498493
1305031118.477869034 -0.083094208 -0.210167277 0.271213324 -0.048167237 -0.022620012 -0.010020985 0.998532840
1305031118.510200977 -0.080873615 -0.209461413 0.269703386 -0.046117089 -0.023163970 -0.009036307 0.998626552
1305031118.545198917 -0.081215709 -0.203716336 0.268547204 -0.046180824 -0.022053717 -0.010415866 0.998635306
1305031118.576376915 -0.078752560 -0.202988338 0.269712745 -0.048782777 -0.021717633 -0.010402665 0.998519088
1305031118.610868931 -0.077197834 -0.196508689 0.269156910 -0.048364158 -0.019973361 -0.012638563 0.998550069
1305031118.645330906 -0.079305288 -0.188655498 0.264893165 -0.048887626 -0.016900893 -0.015718706 0.998537572
1305031118.675081968 -0.080486233 -0.181313268 0.264006888 -0.051780260 -0.015465405 -0.017317670 0.998388564
1305031118.710139990 -0.081299627 -0.174137659 0.264816077 -0.052330976 -0.015822576 -0.019437522 0.998315230
1305031118.746800900 -0.084338402 -0.165868498 0.258221156 -0.050363082 -0.017376675 -0.019367393 0.998391965
1305031118.778789997 -0.080048847 -0.146444653 0.255531714 -0.050785253 -0.022828388 -0.017991381 0.998286549
1305031118.810703039 -0.079858333 -0.144438541 0.253531128 -0.056133397 -0.024839882 -0.020239734 0.997909001
1305031118.846774101 -0.075389983 -0.135641918 0.247787198 -0.052470014 -0.025919022 -0.018781377 0.998109394
1305031118.875401974 -0.077063285 -0.112962888 0.237629057 -0.048576862 -0.022701372 -0.022529986 0.998307235
1305031118.909607887 -0.077477823 -0.106307134 0.233707773 -0.051465993 -0.021533054 -0.024499604 0.998141948
1305031118.947009087 -0.076609979 -0.093943447 0.226510766 -0.050288696 -0.020507593 -0.025972885 0.998186303
1305031118.979393959 -0.079038048 -0.076962512 0.219054477 -0.049727940 -0.018760917 -0.029820175 0.998141231
1305031119.009711981 -0.081708726 -0.064214363 0.213576265 -0.052721703 -0.018193739 -0.031862987 0.997934948
1305031119.047179937 -0.083056431 -0.055613446 0.209015282 -0.055324988 -0.018802766 -0.032278112 0.997769375
1305031119.078965902 -0.086643387 -0.044905093 0.203066862 -0.055668398 -0.020223757 -0.032376290 0.997719302
1305031119.110883951 -0.088478856 -0.034311155 0.196121914 -0.055502045 -0.023337462 -0.032083204 0.997670063
1305031119.147629023 -0.090211835 -0.021870922 0.189208686 -0.055249451 -0.026447253 -0.030771330 0.997647817
1305031119.179261923 -0.089074205 -0.016885735 0.185037147 -0.056791911 -0.031284694 -0.030789261 0.997420658
1305031119.210906029 -0.086621083 -0.002157003 0.177819068 -0.052350143 -0.033935099 -0.029326171 0.997621094
1305031119.247659922 -0.087712184 0.009209024 0.172202625 -0.051190520 -0.034855894 -0.028943008 0.997660714
1305031119.279243946 -0.086253277 0.019659855 0.167132951 -0.050931192 -0.036335231 -0.028589322 0.997631402
1305031119.310755014 -0.088178720 0.028845324 0.162719972 -0.050959580 -0.036187308 -0.026106518 0.997703388
1305031119.347749949 -0.088714478 0.037400948 0.158590628 -0.050113327 -0.037919897 -0.023607338 0.997744170
1305031119.378631115 -0.087137418 0.051237084 0.153677908 -0.048391593 -0.040653192 -0.023275047 0.997729344
1305031119.411492109 -0.083335913 0.060862753 0.151061392 -0.049018929 -0.041618340 -0.022821571 0.997669401
1305031119.447726011 -0.083140118 0.069798251 0.146995642 -0.049736948 -0.039047686 -0.022461078 0.997745967
1305031119.477682114 -0.083803911 0.082576420 0.142302142 -0.047308637 -0.036852513 -0.023276284 0.997928855
1305031119.511257887 -0.086542880 0.092008158 0.138850045 -0.049213553 -0.034946981 -0.022755174 0.997917300
1305031119.547414064 -0.086129018 0.104676671 0.135816289 -0.049652751 -0.035229193 -0.020634688 0.997931720
1305031119.579569101 -0.083528819 0.121101174 0.131975755 -0.049870645 -0.034868555 -0.020339764 0.997939576
1305031119.615024090 -0.087606504 0.126089038 0.130897320 -0.055513695 -0.031587101 -0.020163600 0.997754436
1305031119.648889065 -0.088753552 0.141329736 0.128355106 -0.056661838 -0.030873838 -0.019130825 0.997732556
1305031119.675565958 -0.085892910 0.153621589 0.127158775 -0.060414033 -0.029491749 -0.020740677 0.997522033
1305031119.715249062 -0.090150788 0.156694441 0.124225284 -0.068885348 -0.022868792 -0.018230656 0.997195803
1305031119.744885921 -0.093771331 0.165261564 0.122693111 -0.072418424 -0.020669410 -0.013914406 0.997063056
1305031119.778628111 -0.095485357 0.174611031 0.121479700 -0.075387938 -0.021842387 -0.011666351 0.996846761
1305031119.814570904 -0.093608982 0.184947162 0.120433069 -0.076679181 -0.023323724 -0.007688940 0.996753323
1305031119.847445011 -0.092346380 0.195101703 0.119080397 -0.078869226 -0.022745791 -0.003641269 0.996618791
1305031119.879231930 -0.091965064 0.198956397 0.118607096 -0.080673704 -0.021116923 -0.003645741 0.996510179
1305031119.911423922 -0.093870671 0.209593716 0.112280950 -0.079216664 -0.018692196 -0.003403650 0.996676345
1305031119.947462082 -0.093458489 0.216412829 0.111534522 -0.083932886 -0.017142231 -0.003490647 0.996317836
1305031119.979546070 -0.093107222 0.221331484 0.110234017 -0.086575627 -0.014083313 -0.004678864 0.996134745
1305031120.015283108 -0.096007115 0.235361219 0.107276870 -0.087758446 -0.009989713 -0.002767958 0.996087847
1305031120.047310114 -0.098881983 0.228188067 0.107576490 -0.099821127 -0.008414633 -0.001694085 0.994968375
1305031120.075690031 -0.100467094 0.227150580 0.106853116 -0.102287683 -0.010199804 0.000659441 0.994702347
1305031120.115248919 -0.099867351 0.232755078 0.106279851 -0.101986705 -0.012904495 0.002335845 0.994699316
1305031120.148175001 -0.097929509 0.225602996 0.108175827 -0.106475036 -0.014320116 0.002965485 0.994207829
1305031120.179260969 -0.097167590 0.217597378 0.109643099 -0.107361171 -0.013905636 0.005651830 0.994106769
1305031120.215260029 -0.096449040 0.210850996 0.110122739 -0.103791220 -0.014283290 0.005400200 0.994481879
1305031120.248018026 -0.096544316 0.207595357 0.110528820 -0.099504092 -0.014098278 0.003004933 0.994932734
1305031120.279441118 -0.096526518 0.200482397 0.111651424 -0.096633865 -0.013184311 0.001074211 0.995232092
1305031120.315212965 -0.094724206 0.200203952 0.109956191 -0.091296294 -0.013090997 0.000331023 0.995737668
1305031120.347796917 -0.094857360 0.193758959 0.112192350 -0.086821151 -0.012442658 -0.001865429 0.996144461
1305031120.379446030 -0.093627150 0.180663130 0.116690339 -0.087272979 -0.013259654 -0.002414218 0.996093259
1305031120.415489912 -0.091767255 0.162034903 0.121708362 -0.083679924 -0.014549791 -0.002296711 0.996383811
1305031120.447432995 -0.091075409 0.156242355 0.124435786 -0.075826804 -0.015634783 -0.002576962 0.996995090
1305031120.475581884 -0.091316272 0.147093003 0.131516637 -0.071447907 -0.016160548 -0.001829962 0.997311729
1305031120.514877081 -0.093266020 0.141073282 0.140890091 -0.064614401 -0.016771717 0.000906533 0.997768945
1305031120.547806978 -0.093332783 0.133986946 0.145119525 -0.057085415 -0.019913387 0.002713808 0.998166994
1305031120.579559088 -0.094171967 0.127030020 0.148584731 -0.053025054 -0.023617172 0.006367432 0.998293558
1305031120.615271091 -0.090853568 0.116249624 0.153734292 -0.050430254 -0.029048731 0.009136115 0.998263238
1305031120.646606922 -0.088587902 0.109135721 0.157906910 -0.044668059 -0.032605600 0.009469659 0.998424742
1305031120.678467035 -0.086730140 0.102544751 0.162383132 -0.041360539 -0.034572464 0.010244701 0.998493413
1305031120.714553118 -0.085958498 0.094327000 0.166235940 -0.038982203 -0.035424622 0.010733465 0.998554093
1305031120.747395992 -0.085732907 0.083093827 0.170979216 -0.038752255 -0.037824385 0.011190941 0.998470000
1305031120.779907942 -0.082805340 0.071973246 0.175929261 -0.036933050 -0.040845786 0.011030690 0.998421702
1305031120.814904928 -0.083980720 0.066071436 0.176643352 -0.033419502 -0.040439403 0.010156705 0.998571296
1305031120.847942114 -0.083424971 0.056161739 0.180638414 -0.034431715 -0.041526069 0.008379059 0.998508805
1305031120.883454084 -0.081015573 0.043603615 0.184927831 -0.033115470 -0.041774695 0.006655948 0.998555927
1305031120.915453911 -0.082337749 0.037232028 0.186209997 -0.031296224 -0.039900384 0.004670588 0.998702504
1305031120.947509050 -0.082727472 0.025994199 0.189757845 -0.032072829 -0.039517899 0.002686744 0.998700381
1305031120.983390093 -0.083804462 0.016307303 0.193045462 -0.031739844 -0.039230983 0.000362161 0.998725879
1305031121.015028954 -0.085062439 0.004219761 0.192336722 -0.031178953 -0.039684171 -0.000925268 0.998725279
1305031121.047755003 -0.086031666 -0.002031329 0.193611706 -0.029811223 -0.039219867 -0.001979121 0.998783849
1305031121.083117008 -0.086822726 -0.016952148 0.197940689 -0.030687803 -0.040418990 -0.002689752 0.998707830
1305031121.114877939 -0.086529657 -0.023667407 0.199870146 -0.027451490 -0.041992574 -0.002634521 0.998737252
1305031121.147355080 -0.087745795 -0.032495246 0.202007853 -0.025611231 -0.042305130 -0.003426931 0.998770543
1305031121.183280945 -0.087381753 -0.042827918 0.204026191 -0.024250600 -0.043926556 -0.003769619 0.998733276
1305031121.211431026 -0.084343831 -0.054569140 0.208813892 -0.022692552 -0.045241582 -0.004145288 0.998709699
1305031121.247200966 -0.088034051 -0.060918149 0.209906274 -0.020111937 -0.042799823 -0.004843141 0.998869475
1305031121.282821894 -0.087624823 -0.073924395 0.214227562 -0.021661199 -0.044499574 -0.003237882 0.998769291
1305031121.313587904 -0.085480235 -0.086409599 0.217773966 -0.019720222 -0.045484054 -0.002857604 0.998766313
1305031121.347539902 -0.088904011 -0.093933252 0.218684636 -0.017615552 -0.045636719 -0.001766552 0.998801212
1305031121.383248091 -0.084691115 -0.106999011 0.224518401 -0.017052027 -0.048370070 -0.000797651 0.998683598
1305031121.414328098 -0.085252927 -0.116545205 0.225634799 -0.012710412 -0.047190728 -0.002263307 0.998802462
1305031121.447024107 -0.085840386 -0.123582524 0.227195056 -0.011146073 -0.046458105 -0.001456074 0.998856991
1305031121.483015060 -0.082336591 -0.138315530 0.234248883 -0.011196027 -0.045710759 0.000306220 0.998891927
1305031121.514163971 -0.087453887 -0.143239851 0.232673835 -0.006999651 -0.042486865 0.000147020 0.999072495
1305031121.546809912 -0.087590080 -0.149453939 0.234125714 -0.007861477 -0.042268493 0.000213572 0.999075336
1305031121.583213091 -0.086207342 -0.161826568 0.240610179 -0.010531299 -0.041466479 0.000167119 0.999084378
1305031121.614718914 -0.085954223 -0.170096057 0.242594178 -0.009422353 -0.039643733 -0.001102272 0.999168844
1305031121.646965981 -0.084394950 -0.176201568 0.243813843 -0.008743050 -0.035779301 -0.003825995 0.999314146
1305031121.683211088 -0.089541061 -0.186787396 0.245222770 -0.012209594 -0.030679163 -0.005808750 0.999437829
1305031121.714528084 -0.091251674 -0.195153644 0.247298468 -0.013125530 -0.029677486 -0.004523464 0.999463109
1305031121.746484041 -0.091203246 -0.200602757 0.249020336 -0.014927840 -0.029428833 -0.004420616 0.999445627
1305031121.782871008 -0.089998203 -0.208699519 0.253253920 -0.017279220 -0.029512691 -0.001891625 0.999413254
1305031121.811544895 -0.087462488 -0.212983067 0.255524185 -0.018433813 -0.028990664 0.000053838 0.999409692
1305031121.846869946 -0.088445992 -0.216989097 0.256190136 -0.020619503 -0.026993924 0.002996721 0.999418423
1305031121.882122993 -0.089389332 -0.219107445 0.257411102 -0.022806869 -0.026565586 0.009016928 0.999346192
1305031121.914942980 -0.090464970 -0.220280365 0.257919129 -0.024705546 -0.027962515 0.011295223 0.999239787
1305031121.947318077 -0.087179805 -0.220166776 0.259770635 -0.024712217 -0.031051641 0.011135333 0.999150192
1305031121.982934952 -0.086611124 -0.215861773 0.257817404 -0.024251186 -0.030661430 0.010350982 0.999181972
1305031122.014424086 -0.088298996 -0.212582425 0.257249901 -0.024791030 -0.030178528 0.008309313 0.999202490
1305031122.046907902 -0.088696777 -0.206703362 0.254086071 -0.023384378 -0.031394289 0.004575339 0.999223016
1305031122.082968950 -0.087960885 -0.199318813 0.252149357 -0.022296872 -0.032088873 0.000786988 0.999235975
1305031122.114687920 -0.089425358 -0.189486878 0.246488005 -0.020717103 -0.031616760 -0.003055462 0.999280664
1305031122.150748014 -0.088506520 -0.180478154 0.243965382 -0.021299135 -0.032133935 -0.008157418 0.999223305
1305031122.183052063 -0.086619486 -0.171360400 0.240172115 -0.019931739 -0.031740580 -0.012540195 0.999218697
1305031122.214968920 -0.089524296 -0.139735494 0.235715480 -0.016679367 -0.028658658 -0.017000339 0.999305493
1305031122.251354933 -0.087853093 -0.134713806 0.236425101 -0.024206161 -0.029072931 -0.019141299 0.999100814
1305031122.283865929 -0.091011876 -0.120681558 0.229940571 -0.023992893 -0.029009108 -0.021502297 0.999059790
1305031122.314308882 -0.095200357 -0.100368404 0.224407162 -0.026924468 -0.030101264 -0.026527021 0.998831970
1305031122.351351023 -0.093016409 -0.095548133 0.223361593 -0.035706536 -0.033734500 -0.028011227 0.998399919
1305031122.382678032 -0.100703459 -0.077824426 0.214373519 -0.036856997 -0.032512586 -0.030622082 0.998321983
1305031122.415008068 -0.101851789 -0.071749687 0.211610560 -0.042058190 -0.036952923 -0.030430808 0.997967713
1305031122.451272011 -0.102710568 -0.058796813 0.204845764 -0.043330322 -0.041480464 -0.029284625 0.997769645
1305031122.483387947 -0.103937517 -0.050087473 0.199475364 -0.046692993 -0.045859232 -0.029650657 0.997415427
1305031122.515135050 -0.101038407 -0.040151191 0.194290922 -0.048278571 -0.050757207 -0.030586775 0.997074388
1305031122.551510096 -0.097754995 -0.028322861 0.189075027 -0.049398545 -0.052555254 -0.031971277 0.996882925
1305031122.583216906 -0.100500188 -0.016875903 0.181926621 -0.049782025 -0.050051029 -0.034403933 0.996911738
1305031122.615016937 -0.104056725 -0.009824279 0.178345569 -0.051331518 -0.049509849 -0.033467291 0.996892066
1305031122.648809910 -0.103605345 0.001700405 0.172492111 -0.049672300 -0.051669829 -0.032401797 0.996901708
1305031122.683419943 -0.104723370 0.012754067 0.167761098 -0.049007640 -0.052587036 -0.031232919 0.996923949
1305031122.715219021 -0.107592887 0.024994468 0.163780242 -0.047951666 -0.054387817 -0.028399932 0.996963413
1305031122.751308918 -0.104579377 0.039917413 0.158817864 -0.046430619 -0.057890007 -0.028321297 0.996840433
1305031122.783437967 -0.102860809 0.055094572 0.155272101 -0.048677611 -0.058591948 -0.028190339 0.996695931
1305031122.812565088 -0.102283074 0.061687993 0.153980294 -0.054626135 -0.057980270 -0.029428409 0.996387596
1305031122.851485968 -0.099112332 0.071760405 0.152344273 -0.056177228 -0.054809647 -0.031439555 0.996419378
1305031122.883774996 -0.102041564 0.081597365 0.148073750 -0.059508968 -0.047320489 -0.030585764 0.996636325
1305031122.914585114 -0.100052663 0.082065270 0.146935540 -0.065897711 -0.046716040 -0.028589527 0.996322108
1305031122.951412916 -0.100491367 0.089304402 0.144938558 -0.067073796 -0.046049210 -0.027633651 0.996301640
1305031122.983000040 -0.102811907 0.099977588 0.140731171 -0.068095767 -0.045381770 -0.023674410 0.996364885
1305031123.015461922 -0.101393344 0.104986467 0.139539593 -0.071223200 -0.047098478 -0.020926747 0.996128034
1305031123.051837921 -0.100048343 0.112564635 0.137003811 -0.070208163 -0.047027207 -0.019356453 0.996235205
1305031123.082992077 -0.099500962 0.125247940 0.133374550 -0.068333274 -0.046479197 -0.016953976 0.996435051
1305031123.113939047 -0.097988002 0.136935375 0.130297320 -0.070525145 -0.045947590 -0.014505872 0.996345624
1305031123.150840044 -0.101928134 0.146537775 0.130541531 -0.072625903 -0.043533447 -0.014601005 0.996301725
1305031123.182176113 -0.097786751 0.158847758 0.129613611 -0.073931523 -0.043345147 -0.013605203 0.996227999
1305031123.214724064 -0.097192124 0.168608570 0.129016159 -0.078305220 -0.038619458 -0.014127576 0.996080941
1305031123.250641108 -0.096744163 0.184066183 0.127071744 -0.082065128 -0.035083291 -0.014661673 0.995901357
1305031123.282362938 -0.095200001 0.193429250 0.127541244 -0.090387161 -0.032529634 -0.012118664 0.995301523
1305031123.320991993 -0.094891308 0.200180315 0.127631891 -0.096458963 -0.028217476 -0.011256922 0.994873220
1305031123.350492954 -0.094139243 0.208831041 0.127815474 -0.101325030 -0.024354373 -0.010718676 0.994497467
1305031123.382262945 -0.091827098 0.217804014 0.126338975 -0.105754456 -0.020223807 -0.007320762 0.994159645
1305031123.421343088 -0.092591763 0.223759596 0.126255860 -0.109228322 -0.014957321 -0.006272856 0.993884351
1305031123.451266050 -0.092121975 0.233173335 0.123795877 -0.110935805 -0.012639019 -0.004175146 0.993738432
1305031123.483604908 -0.091769144 0.244678230 0.120307561 -0.114023580 -0.011120557 0.001151295 0.993415135
1305031123.519725084 -0.091915989 0.251710777 0.119767513 -0.116804750 -0.009130900 0.003294973 0.993107457
1305031123.551573038 -0.091204846 0.258672865 0.118231057 -0.118648715 -0.009440878 0.005616934 0.992875522
1305031123.579616070 -0.088371829 0.266872323 0.117340177 -0.119867688 -0.009805173 0.009214212 0.992698693
1305031123.620387077 -0.085050143 0.276097770 0.115730091 -0.120045057 -0.009565594 0.010205236 0.992669903
1305031123.652430058 -0.083260534 0.281160134 0.115318754 -0.125385780 -0.007805081 0.010035950 0.992026596
1305031123.683784962 -0.083222191 0.291228385 0.114959507 -0.127411846 -0.004225351 0.011312031 0.991776389
1305031123.719974995 -0.081988738 0.297481463 0.114073822 -0.131638977 -0.000935457 0.012569241 0.991217594
1305031123.751980066 -0.082693182 0.299747787 0.113537708 -0.135518739 0.001552932 0.014070869 0.990673645
1305031123.784137964 -0.082910657 0.302758770 0.112782877 -0.136796396 0.001272487 0.015774206 0.990472766
1305031123.819695950 -0.082608685 0.304229960 0.111842923 -0.137881007 0.001021397 0.016844529 0.990305027
1305031123.851551056 -0.082533133 0.304337863 0.111402636 -0.139076544 0.000958934 0.019010996 0.990098671
1305031123.883819103 -0.083822270 0.302535682 0.113501083 -0.138810398 0.000115626 0.019339211 0.990130120
1305031123.915793896 -0.083900579 0.300396495 0.112622697 -0.135782740 -0.001140670 0.018627010 0.990562861
1305031123.951529980 -0.083034535 0.299553864 0.110510511 -0.135638699 -0.002041472 0.020396106 0.990546301
1305031123.983421087 -0.086719742 0.287195610 0.115155072 -0.140796935 -0.002711704 0.021372848 0.989804057
1305031124.019737005 -0.088663541 0.287100980 0.118969960 -0.131680528 -0.005832767 0.020849764 0.991055753
1305031124.051531076 -0.086169163 0.280393636 0.117630090 -0.129288864 -0.010015897 0.021687345 0.991319187
1305031124.083901882 -0.085355008 0.264194326 0.119596185 -0.133530483 -0.013076951 0.022489451 0.990703199
1305031124.119668961 -0.082580191 0.252019562 0.121291967 -0.128586548 -0.017080056 0.023961463 0.991261630
1305031124.147458076 -0.079423982 0.247420413 0.120689160 -0.123592934 -0.019722167 0.021808654 0.991897276
1305031124.182707071 -0.081869433 0.235498593 0.126957105 -0.123364173 -0.019896014 0.019882955 0.991962750
1305031124.217179060 -0.079630458 0.225718023 0.133451754 -0.115964858 -0.022218416 0.015516872 0.992883538
1305031124.249340057 -0.082189665 0.222700593 0.131810370 -0.108648776 -0.022253863 0.015087305 0.993716550
1305031124.282555103 -0.082521559 0.207689401 0.135441281 -0.111685404 -0.026615374 0.015305496 0.993269215
1305031124.316781998 -0.080885213 0.197887326 0.139759632 -0.107252119 -0.031426627 0.015721647 0.993610678
1305031124.350370884 -0.081201696 0.192802506 0.141045030 -0.100299219 -0.034557126 0.014270035 0.994254614
1305031124.382431984 -0.077953745 0.179539590 0.144548954 -0.098284021 -0.038318195 0.013267051 0.994331913
1305031124.418555021 -0.077967638 0.166135677 0.147144546 -0.094561564 -0.039754918 0.013270598 0.994636390
1305031124.450256109 -0.077813886 0.155541132 0.147770295 -0.087337021 -0.040691139 0.010121822 0.995295948
1305031124.480125904 -0.078294949 0.140723870 0.149026405 -0.082852419 -0.041595644 0.008085915 0.995660533
1305031124.516736984 -0.078875750 0.135605680 0.151029348 -0.073610949 -0.043332433 0.005815842 0.996328211
1305031124.550503016 -0.079105507 0.123704097 0.153153790 -0.070041003 -0.044982259 0.003513137 0.996523212
1305031124.584605932 -0.079185213 0.118561549 0.151432096 -0.063880119 -0.047204719 0.002556157 0.996837254
1305031124.617652893 -0.078977738 0.107053521 0.154638003 -0.058767267 -0.049704881 0.000687103 0.997033280
1305031124.651313066 -0.079054386 0.097009411 0.157632562 -0.054597764 -0.052104668 -0.001405564 0.997147036
1305031124.685472965 -0.077224979 0.082752407 0.162342649 -0.051320809 -0.054499673 -0.003422108 0.997188172
1305031124.715790987 -0.073963457 0.071007574 0.162912629 -0.047276061 -0.056269186 -0.005217123 0.997282074
1305031124.749941111 -0.074743818 0.056671214 0.167368995 -0.046034939 -0.056148179 -0.006884386 0.997336840
1305031124.785177946 -0.075944771 0.045284420 0.171314314 -0.042369211 -0.056975446 -0.007841996 0.997445313
1305031124.816641092 -0.075650348 0.035878241 0.175568870 -0.039527587 -0.058012885 -0.008243619 0.997498931
1305031124.850558996 -0.075392644 0.021306615 0.182222336 -0.040262553 -0.059641108 -0.008562889 0.997370815
1305031124.883594036 -0.072212451 0.007332671 0.187731908 -0.038734003 -0.060720896 -0.009373305 0.997358908
1305031124.918770075 -0.073251617 0.000198097 0.191603953 -0.036224258 -0.057644610 -0.009745925 0.997632156
1305031124.950747967 -0.072616854 -0.012670818 0.199515627 -0.039683569 -0.056728269 -0.009432835 0.997556083
1305031124.986459970 -0.073170803 -0.031327932 0.207422786 -0.040574264 -0.055928312 -0.007474709 0.997582018
1305031125.019467115 -0.077295238 -0.040607969 0.209951274 -0.035263597 -0.057016834 -0.006460600 0.997729332
1305031125.050797939 -0.072725779 -0.045770952 0.214892513 -0.032011827 -0.060720454 -0.005800618 0.997624490
1305031125.083479881 -0.073649139 -0.058650466 0.221377613 -0.033707008 -0.059545635 -0.003118281 0.997651458
1305031125.119029045 -0.074639629 -0.071144067 0.226072414 -0.033222195 -0.060435403 -0.001882760 0.997617313
1305031125.151036978 -0.072957262 -0.078814663 0.229639672 -0.028624915 -0.061229196 -0.004241337 0.997704170
1305031125.187063932 -0.074885905 -0.082367809 0.230486608 -0.028114603 -0.057995989 -0.003525697 0.997914627
1305031125.219017982 -0.080427401 -0.094167122 0.240010444 -0.031483657 -0.054367519 -0.002807903 0.998020575
1305031125.250642061 -0.081711963 -0.106815978 0.244153301 -0.030067136 -0.054157113 -0.004981185 0.998067213
1305031125.286396027 -0.083171159 -0.111445063 0.244331901 -0.026501551 -0.053546069 -0.006303714 0.998193743
1305031125.319139957 -0.082303095 -0.122246571 0.251245863 -0.027252182 -0.052610733 -0.005492418 0.998228061
1305031125.348898888 -0.085152627 -0.128286025 0.250872220 -0.023080804 -0.050471304 -0.009123192 0.998417093
1305031125.386791945 -0.082215856 -0.133041543 0.254860532 -0.022840726 -0.049287328 -0.013423619 0.998433206
1305031125.419574022 -0.081806345 -0.139092497 0.256998651 -0.023221676 -0.042910300 -0.014257261 0.998707260
1305031125.451231956 -0.086355596 -0.146208897 0.260943430 -0.026333953 -0.036009846 -0.016693800 0.998864921
1305031125.486999035 -0.085042457 -0.154469213 0.265052343 -0.026339453 -0.032667247 -0.017689598 0.998962543
1305031125.519354105 -0.087033844 -0.155991993 0.263470813 -0.025508589 -0.028110296 -0.018937778 0.999099837
1305031125.551049948 -0.086671866 -0.158685287 0.264272566 -0.026300582 -0.025113234 -0.020808802 0.999121914
1305031125.585303068 -0.085794307 -0.161402941 0.266086385 -0.028141449 -0.021813693 -0.022880852 0.999103943
1305031125.617870092 -0.086351564 -0.167729903 0.267726303 -0.028603925 -0.018984035 -0.022604668 0.999154868
1305031125.650353909 -0.090976044 -0.168730593 0.264831522 -0.023959373 -0.017714554 -0.019443633 0.999366844
1305031125.684602022 -0.095545385 -0.162224393 0.255964353 -0.018910513 -0.020444795 -0.019243734 0.999426877
1305031125.715668917 -0.091713267 -0.162590966 0.256874852 -0.018064004 -0.027363183 -0.016868060 0.999319977
1305031125.751291990 -0.089593388 -0.151251163 0.247802339 -0.011951152 -0.029811380 -0.016015785 0.999355766
1305031125.786804914 -0.088673772 -0.144999259 0.244804453 -0.012459306 -0.030917862 -0.019068147 0.999262357
1305031125.819449902 -0.087374926 -0.133489086 0.238428484 -0.011255054 -0.029990672 -0.020531037 0.999275918
1305031125.854773998 -0.087726421 -0.127137645 0.235697965 -0.013968218 -0.028447407 -0.022315471 0.999248545
1305031125.886645079 -0.090881495 -0.118358927 0.230400474 -0.013871057 -0.028208531 -0.023089581 0.999239082
1305031125.919333935 -0.094420921 -0.103866725 0.224922283 -0.015988478 -0.030178026 -0.022151436 0.999171141
1305031125.955251932 -0.095887623 -0.099154402 0.224174240 -0.020318503 -0.037014577 -0.019087622 0.998925794
1305031125.987093925 -0.092763115 -0.086726516 0.219176176 -0.020323432 -0.045522053 -0.015633844 0.998634209
1305031126.019572020 -0.090702662 -0.073047540 0.213872987 -0.021706641 -0.051292102 -0.016510278 0.998311250
1305031126.055037975 -0.085413549 -0.059842476 0.211827562 -0.024431857 -0.054031455 -0.015803274 0.998115195
1305031126.087075949 -0.083459420 -0.045644010 0.209062350 -0.028011652 -0.053189622 -0.015876999 0.998065194
1305031126.119452000 -0.081860665 -0.036838791 0.208892962 -0.032724947 -0.052915214 -0.016345640 0.997928794
1305031126.154999971 -0.081839977 -0.019655313 0.206642759 -0.033677738 -0.051701843 -0.014791893 0.997984934
1305031126.187174082 -0.082911248 -0.007340152 0.205002356 -0.040475573 -0.051471502 -0.014369551 0.997750434
1305031126.219472885 -0.081646322 0.008185035 0.209953241 -0.043301848 -0.052295094 -0.012938646 0.997608523
1305031126.255235910 -0.080232082 0.023767060 0.207011234 -0.045617619 -0.051250102 -0.012511148 0.997565001
1305031126.287105083 -0.080747996 0.035458491 0.204928325 -0.049911246 -0.049025073 -0.014329348 0.997446780
1305031126.319787025 -0.079810312 0.049267820 0.202586441 -0.053990255 -0.045960189 -0.015949314 0.997355670
1305031126.355415106 -0.079918102 0.059538931 0.200340951 -0.058737495 -0.041972189 -0.017176540 0.997242803
1305031126.387482882 -0.081995227 0.070914943 0.196945060 -0.062300881 -0.038276274 -0.018428217 0.997152911
1305031126.419792891 -0.083012369 0.081632889 0.194614979 -0.066949227 -0.036287548 -0.020299082 0.996889644
1305031126.455379963 -0.083752374 0.088142752 0.192581968 -0.072667006 -0.034603605 -0.019421580 0.996566555
1305031126.490386009 -0.085932519 0.097759698 0.188703297 -0.074888454 -0.034086777 -0.016454905 0.996473305
1305031126.522320986 -0.085321531 0.113281744 0.183948503 -0.076392418 -0.035903435 -0.014357039 0.996327766
1305031126.558208942 -0.081295224 0.121054569 0.184186317 -0.083053684 -0.037665140 -0.013827314 0.995737028
1305031126.590176105 -0.079586894 0.129267202 0.182808387 -0.087620497 -0.036004064 -0.012045314 0.995430192
1305031126.618686914 -0.077912498 0.131784359 0.176014564 -0.094785819 -0.034639740 -0.011740392 0.994825563
1305031126.654474020 -0.075851816 0.134556582 0.176104405 -0.100267729 -0.033352413 -0.009705393 0.994353963
1305031126.690021992 -0.075478421 0.140376489 0.173430234 -0.102217661 -0.030985748 -0.005435821 0.994264495
1305031126.715770006 -0.073817067 0.147983093 0.171375114 -0.104348095 -0.029905574 -0.002370472 0.994088282
1305031126.755373955 -0.073492049 0.149050496 0.169508862 -0.105759768 -0.027961454 0.000047449 0.993998504
1305031126.787564993 -0.072394013 0.156068876 0.166164368 -0.104435150 -0.027196049 0.003055276 0.994155088
1305031126.819928885 -0.068819514 0.160477743 0.165189020 -0.104486598 -0.026102450 0.003754779 0.994176601
1305031126.858377934 -0.068437866 0.163428570 0.162260291 -0.105009979 -0.022098433 0.004059084 0.994217324
1305031126.888154030 -0.068335860 0.166082237 0.160589763 -0.105503722 -0.019999272 0.004404958 0.994208022
1305031126.919409037 -0.067058254 0.166912087 0.159505083 -0.105986358 -0.018151394 0.003756336 0.994194804
1305031126.955501080 -0.068423538 0.169311139 0.157624763 -0.106138644 -0.016505639 0.005600079 0.994198567
1305031126.987315893 -0.068062173 0.167757622 0.157998501 -0.107194589 -0.017586117 0.006633170 0.994060385
1305031127.019524097 -0.067183888 0.168059779 0.157616990 -0.105396947 -0.018773515 0.006978754 0.994228513
1305031127.053318024 -0.066997906 0.168473588 0.156355711 -0.104543176 -0.019069227 0.008073866 0.994304733
1305031127.088649035 -0.067160321 0.166990304 0.156872975 -0.105447948 -0.019541066 0.008141442 0.994199474
1305031127.120963097 -0.069482277 0.162946618 0.157323454 -0.106270152 -0.020950137 0.009137656 0.994074570
1305031127.157691956 -0.068888379 0.159482695 0.158950509 -0.105641908 -0.024852133 0.009732941 0.994045989
1305031127.187500000 -0.068767866 0.160781740 0.158507016 -0.102352151 -0.027800918 0.009285836 0.994316308
1305031127.221831083 -0.067442382 0.158049154 0.160392913 -0.102295247 -0.029704584 0.009225534 0.994267675
1305031127.259761095 -0.065770317 0.151507806 0.162682382 -0.102063435 -0.030873660 0.008768858 0.994260016
1305031127.287038088 -0.067129276 0.151703560 0.161749775 -0.098932587 -0.030522836 0.007579255 0.994597031
1305031127.320467949 -0.068674840 0.149664678 0.164679313 -0.098901267 -0.031043537 0.006829495 0.994589461
1305031127.353406906 -0.067480306 0.139750597 0.167669635 -0.100102912 -0.033367325 0.006664961 0.994395096
1305031127.383713007 -0.068586961 0.143319942 0.167364646 -0.094939232 -0.034101030 0.006062065 0.994880351
1305031127.419650078 -0.068959115 0.140113280 0.168941956 -0.095483689 -0.035201020 0.005593597 0.994792674
1305031127.454246044 -0.069475670 0.136034625 0.172083016 -0.094986920 -0.036348588 0.005139104 0.994801415
1305031127.487200022 -0.070228294 0.137318043 0.171596798 -0.092118229 -0.037319536 0.004287342 0.995039247
1305031127.521899939 -0.071474126 0.136498671 0.173739179 -0.092971573 -0.038013937 0.002988556 0.994938338
1305031127.553725004 -0.070850232 0.131033409 0.176781513 -0.094096024 -0.039351807 0.003121546 0.994780192
1305031127.586632013 -0.071799925 0.133324077 0.176603353 -0.090831137 -0.039487576 0.002515100 0.995079952
1305031127.620656967 -0.071787515 0.133743856 0.176873526 -0.091064502 -0.040081390 0.002578825 0.995034717
1305031127.654655933 -0.071436710 0.128855007 0.179594082 -0.093399022 -0.040566603 0.004060713 0.994793689
1305031127.687109947 -0.071667396 0.127474729 0.180084841 -0.091824645 -0.041120871 0.004574862 0.994915262
1305031127.723210096 -0.072639965 0.130662409 0.178573129 -0.090004284 -0.041419329 0.003986687 0.995071743
1305031127.754693985 -0.071471730 0.127383725 0.181006791 -0.092151235 -0.042453150 0.004454660 0.994829652
1305031127.787641048 -0.071553469 0.123950127 0.181562441 -0.091962890 -0.042643450 0.004489549 0.994838784
1305031127.820127964 -0.072964401 0.126493766 0.179985434 -0.089287366 -0.042442794 0.003180237 0.995096107
1305031127.855132103 -0.073544234 0.125414161 0.180300576 -0.089783070 -0.042350071 0.002443557 0.995057536
1305031127.887121916 -0.074162844 0.123179845 0.180736483 -0.090528907 -0.042560828 0.002058999 0.994981836
1305031127.922559977 -0.075347398 0.123989237 0.181039223 -0.089585172 -0.043188190 0.001489046 0.995041235
1305031127.955087900 -0.075844383 0.125746542 0.180733924 -0.089673165 -0.043773766 0.001634276 0.995007492
1305031127.987092972 -0.075043797 0.124137365 0.183252548 -0.091762500 -0.045078952 0.001736011 0.994758522
1305031128.021775961 -0.074209891 0.125100178 0.184311882 -0.092380010 -0.045370510 0.001616139 0.994688312
1305031128.055717945 -0.073137924 0.122214681 0.188391530 -0.095606270 -0.044882112 0.002900172 0.994402648
1305031128.087205887 -0.073515674 0.118594175 0.190650753 -0.096455556 -0.044489596 0.003571699 0.994336082
1305031128.124746084 -0.073304087 0.118814388 0.190897954 -0.095483432 -0.044686544 0.004352154 0.994417963
1305031128.157782078 -0.072324245 0.118270124 0.192644285 -0.096299857 -0.045117718 0.006176667 0.994310101
1305031128.187221050 -0.070807685 0.113113550 0.195427670 -0.097043544 -0.045761601 0.007399655 0.994200016
1305031128.225441933 -0.072099357 0.115275809 0.193683824 -0.094058343 -0.045127853 0.007472238 0.994515294
1305031128.256006956 -0.072022874 0.116201592 0.194183311 -0.094006481 -0.045741497 0.007869194 0.994489101
1305031128.291275024 -0.071569762 0.112550175 0.195848153 -0.095442406 -0.046346348 0.007850974 0.994324457
1305031128.324170113 -0.072052272 0.112806008 0.194846993 -0.094116362 -0.046132959 0.007258085 0.994465274
1305031128.355206013 -0.072785649 0.113659619 0.194087501 -0.093655324 -0.046063259 0.006154017 0.994519474
1305031128.391396999 -0.073406400 0.112624778 0.195131791 -0.093992196 -0.046350098 0.004550894 0.994482994
1305031128.423609018 -0.073685549 0.111480984 0.194714155 -0.093599661 -0.046304124 0.003389867 0.994526792
1305031128.455498934 -0.074927911 0.112129770 0.193925451 -0.092777303 -0.045894844 0.002054740 0.994626469
1305031128.489522934 -0.075224051 0.111478975 0.194667824 -0.092879484 -0.046184231 0.001022611 0.994605134
1305031128.523603916 -0.074941216 0.110458197 0.194232262 -0.092855253 -0.046038981 0.000417345 0.994614569
1305031128.555639029 -0.074872609 0.110147153 0.194900489 -0.092797497 -0.045623355 -0.000053770 0.994639196
1305031128.591459990 -0.074733968 0.107400104 0.195101989 -0.093169648 -0.044994626 -0.000302416 0.994633002
1305031128.623368025 -0.076258338 0.107194760 0.194005504 -0.091726150 -0.044573201 -0.000171016 0.994786165
1305031128.655554056 -0.077299895 0.107290000 0.192960812 -0.091072885 -0.045496260 -0.000097395 0.994804408
1305031128.690448999 -0.076485935 0.106091227 0.193777340 -0.090971083 -0.047269015 -0.000339524 0.994731012
1305031128.722975969 -0.075186242 0.105852053 0.193626919 -0.089782982 -0.047772052 -0.001111979 0.994814360
1305031128.754646063 -0.075431334 0.106586337 0.192615310 -0.088677229 -0.046574598 -0.002278303 0.994968324
