1305031102.160407 -0.000135063 -0.000350758 0.000066184 -0.000125192 0.000017881 -0.000001150 0.999999992
1305031102.226737976 -0.000229603 0.007862363 0.011095332 -0.002332498 -0.003759910 -0.000812031 0.999989882
1305031102.363013029 -0.002104061 0.007632151 0.073015983 -0.022833824 -0.015592215 0.002596223 0.999614305
1305031102.526329994 -0.005877107 0.022131984 0.125018136 -0.039183977 -0.021792184 0.000325745 0.998994300
1305031102.728423119 -0.013454568 0.032471386 0.211598077 -0.043207914 -0.015750338 0.002745393 0.998938169
1305031102.926851034 -0.015464889 0.043711159 0.275203972 -0.046591803 -0.002657768 -0.004632538 0.998899735
1305031103.027880907 -0.027314224 0.055005687 0.319182891 -0.050022669 -0.018975628 -0.000595517 0.998567626
1305031103.227844954 -0.023734844 0.078032820 0.365322921 -0.060804441 -0.021947934 0.008454616 0.997872551
1305031103.362405062 -0.019912598 0.074428910 0.380846087 -0.082713720 -0.038455825 0.014198057 0.995729886
1305031103.531502008 -0.020235295 0.052863447 0.356437260 -0.080012223 -0.045825603 0.008811490 0.995700967
1305031103.663594007 -0.037353275 0.043649092 0.321033591 -0.064550795 -0.046813194 0.011719962 0.996746890
1305031103.862379074 -0.036271979 0.022952840 0.241206119 -0.065205472 -0.048667714 -0.002033923 0.996682278
1305031103.994364977 -0.025722140 -0.002314128 0.185637571 -0.059249874 -0.059563664 -0.005676679 0.996448392
1305031104.131292105 -0.017026238 -0.014762714 0.127206792 -0.039977203 -0.041111054 -0.012740552 0.998273200
1305031104.294956923 -0.014830558 -0.025056584 0.060662125 -0.018050951 -0.027019880 -0.015197213 0.999356360
1305031104.563148975 -0.019117026 -0.038092431 -0.016813140 -0.003832726 -0.017680138 -0.010381931 0.999782446
1305031104.631367922 0.005400729 -0.046548496 -0.033801346 0.016138408 -0.013171077 -0.008610849 0.999745932
1305031104.695184946 0.014892226 -0.060370431 -0.064221786 0.038587577 -0.000168810 -0.005953874 0.999237470
1305031104.763178110 0.017604075 -0.054036147 -0.084521287 0.065492195 0.013794142 -0.002504162 0.997754591
1305031104.863255978 0.015595277 -0.039708183 -0.104807795 0.092222882 0.030265246 0.004975725 0.995265893
1305031105.097639084 0.011102761 -0.019076099 -0.063756451 0.073570816 0.029232966 0.004649833 0.996850615
1305031105.159979105 0.001119870 -0.003278395 -0.035993528 0.057278956 0.024982963 -0.002152641 0.998043255
1305031105.228250027 -0.004466606 -0.009295992 -0.007998649 0.033788293 0.015299302 -0.004698160 0.999300861
1305031105.298501015 -0.012704662 -0.011054367 0.016257288 0.011768745 0.002404404 -0.007697125 0.999898230
1305031105.398190975 -0.016861689 -0.006187338 0.059160208 -0.004702762 -0.013790363 -0.008006306 0.999861795
1305031105.529582977 -0.014716027 -0.012503831 0.117157925 -0.027403067 -0.026787931 -0.006661483 0.999243265
1305031105.730335951 -0.013050824 -0.002947074 0.202042373 -0.032386524 -0.024618864 -0.001894251 0.999170374
1305031105.862237930 -0.004448745 0.005457247 0.259996575 -0.030346735 -0.008306694 0.002788462 0.999501025
1305031105.998270988 -0.002908148 0.024202023 0.311720659 -0.042875720 0.003189142 0.012629901 0.998995489
1305031106.130445004 -0.010454698 0.039693919 0.358402198 -0.063484789 0.006042053 0.017789338 0.997805950
1305031106.330214977 -0.015367979 0.065682041 0.399255026 -0.076653793 -0.002705120 0.026884398 0.996691581
1305031106.630775928 -0.017826549 0.032762801 0.349946942 -0.090135764 -0.009676106 0.001579800 0.995881228
1305031106.729549885 -0.021680335 0.023912425 0.308228713 -0.087441539 -0.024738967 0.001266407 0.995861615
1305031106.866893053 -0.014163353 0.003315563 0.247403086 -0.083657204 -0.043339980 -0.003529602 0.995545408
1305031106.998876095 -0.011561537 -0.005735077 0.172920447 -0.063168161 -0.036871813 -0.019227697 0.997136174
1305031107.165963888 -0.010478669 -0.027805458 0.100157572 -0.052302244 -0.031258918 -0.024094990 0.997851084
1305031107.299273014 -0.000551091 -0.044872920 0.047340309 -0.028632200 -0.020476293 -0.025974624 0.999042660
1305031107.399344921 0.007029043 -0.043246051 0.017074246 0.000267879 -0.007553577 -0.026882306 0.999610031
1305031107.598903894 0.021205905 -0.033586003 0.003781243 0.010156218 0.010608918 -0.018714798 0.999716989
1305031107.964839935 0.043215466 -0.026582898 0.030188238 -0.001956822 0.016247148 -0.022876159 0.999604363
1305031108.034823895 0.068534678 -0.024692373 0.031539892 0.004592780 0.025591139 -0.022720730 0.999403706
1305031108.099364996 0.084775346 -0.027954520 0.043787283 0.008132681 0.041851934 -0.017853125 0.998931199
1305031108.199224949 0.120532479 -0.018409100 0.052123196 0.005925069 0.049341397 -0.014328938 0.998661605
1305031108.299546957 0.153386224 -0.015526805 0.060459416 0.001847665 0.058152395 -0.015033427 0.998192808
1305031108.399283886 0.187889700 -0.011559129 0.071404657 -0.014047806 0.048970891 -0.001367302 0.998700476
1305031108.503547907 0.233344944 -0.015302467 0.085946286 -0.021872622 0.048038487 0.017051356 0.998460387
1305031108.567153931 0.258161761 -0.010304587 0.084444887 -0.012734848 0.059833804 0.013598500 0.998034479
1305031108.634212017 0.263022312 0.001073624 0.084980544 -0.008697640 0.080330491 0.016236506 0.996598083
1305031108.703346014 0.285901112 0.001612821 0.086823102 -0.016095778 0.093207021 0.024397352 0.995217638
1305031108.835163116 0.305076415 -0.002878393 0.092261678 -0.020504400 0.107043282 0.038012986 0.993315820
1305031109.034955025 0.296494285 -0.002656659 0.076363747 -0.005620179 0.084493334 0.044013913 0.995435616
1305031109.134968042 0.263554130 -0.001733650 0.074496782 -0.011581088 0.079907249 0.032715189 0.996197986
1305031109.203387976 0.242879554 0.010001166 0.066632845 -0.013953393 0.068418609 0.031004401 0.997077191
1305031109.266324997 0.232987537 -0.003375163 0.076585950 -0.029721941 0.054203652 0.041624617 0.997219114
1305031109.334602118 0.189242323 0.008229693 0.068547243 -0.025819496 0.042838231 0.041429580 0.997888686
1305031109.403386116 0.172450021 0.008904336 0.070152730 -0.028877238 0.023029435 0.037478058 0.998614613
1305031109.467361927 0.125082631 0.014354846 0.070066985 -0.032975472 0.023674552 0.028453030 0.998770524
1305031109.567451954 0.101427751 0.007258565 0.060672292 -0.032900984 0.012300127 0.021862981 0.999143754
1305031109.667570114 0.059646436 0.011940385 0.055168005 -0.035292793 0.010065739 0.021260226 0.999100146
1305031109.735059023 0.030843154 0.015384057 0.053911553 -0.041942745 0.004537143 0.019428650 0.998920792
1305031109.834909916 -0.008524932 0.017763074 0.058043210 -0.050376822 -0.000832893 0.018109266 0.998565740
1305031109.900535107 -0.040603462 0.016549285 0.065527594 -0.055740539 -0.008882273 0.011137554 0.998343654
1305031109.970212936 -0.064237940 0.021756949 0.070447231 -0.060994723 -0.015230914 0.002299806 0.998019225
1305031110.068125010 -0.103981460 0.025533903 0.076985401 -0.067467216 -0.018578325 -0.016439380 0.997413038
1305031110.132317066 -0.136224251 0.018280882 0.084141296 -0.075803069 -0.021176735 -0.025179138 0.996579877
1305031110.234909058 -0.161519774 0.017162519 0.087513241 -0.082631241 -0.036469654 -0.027194213 0.995541319
1305031110.331569910 -0.193512910 0.022159618 0.087671450 -0.075919290 -0.048611086 -0.030562468 0.995459271
1305031110.403480053 -0.216881338 0.025456434 0.080889541 -0.074415096 -0.060542451 -0.036974327 0.994700912
1305031110.470587969 -0.240194438 0.027044166 0.086233515 -0.081430029 -0.073848888 -0.046172650 0.992866345
1305031110.534532070 -0.263209641 0.033964144 0.085113865 -0.082062396 -0.087405851 -0.052391022 0.991403632
1305031110.635484934 -0.288538365 0.030956702 0.088858840 -0.090491990 -0.100692922 -0.062811402 0.988800720
1305031110.799684048 -0.323660498 0.040280231 0.091450740 -0.092867021 -0.104056871 -0.070959482 0.987680432
1305031111.071604967 -0.288311962 0.045031848 0.095456092 -0.096614621 -0.100448142 -0.067555049 0.987933247
1305031111.170937061 -0.257376154 0.037263614 0.095257147 -0.095654422 -0.092202299 -0.061951950 0.989197111
1305031111.269938946 -0.229728627 0.033776802 0.098366985 -0.089303667 -0.077307897 -0.056782808 0.991374832
1305031111.402910948 -0.186147139 0.033232219 0.094704570 -0.083616691 -0.079336104 -0.051074536 0.992020878
1305031111.470918894 -0.147908853 0.028087346 0.097670519 -0.081950170 -0.079845658 -0.051956664 0.992073256
1305031111.539482117 -0.125777031 0.023591573 0.095439101 -0.074350543 -0.060472132 -0.051224452 0.994078052
1305031111.603390932 -0.098788921 0.027252693 0.096244606 -0.070108018 -0.048837131 -0.039748837 0.995550014
1305031111.671252012 -0.057486913 0.023969626 0.094491947 -0.062494250 -0.045372179 -0.022206478 0.996766124
1305031111.739504099 -0.022790456 0.016091224 0.097698691 -0.060360866 -0.026048928 -0.016300916 0.997703513
1305031111.800076962 -0.003896921 0.021878879 0.100445863 -0.051743742 0.008406002 -0.013211073 0.998537627
1305031111.870985031 0.025704324 0.021726420 0.094364691 -0.048788935 0.021443092 -0.008415550 0.998543445
1305031111.971493959 0.069394339 0.018597835 0.096112991 -0.046074863 0.017130361 0.013753371 0.998696402
1305031112.039412022 0.101063215 0.016595851 0.094509329 -0.040391501 0.031859302 0.011010971 0.998615176
1305031112.102494955 0.116814408 0.020813925 0.099758436 -0.033606350 0.054878502 0.004279442 0.997918158
1305031112.169344902 0.146858298 0.024171082 0.099404317 -0.034730646 0.073043789 -0.003594547 0.996717345
1305031112.235656977 0.165881163 0.012108293 0.105934270 -0.031005984 0.094971829 -0.014523809 0.994890969
1305031112.335788965 0.166750483 0.012996927 0.110225004 -0.012335253 0.117585097 -0.018557690 0.992812771
1305031112.471065998 0.211646264 0.012416976 0.104678197 0.000985220 0.109983890 0.005257572 0.993918976
1305031112.639417887 0.258617149 0.019954503 0.091879079 0.009026143 0.106279121 0.037041919 0.993605140
1305031112.839560032 0.252746828 0.029373692 0.096254824 -0.008827716 0.120750321 0.044018170 0.991667198
1305031112.939322948 0.268489864 0.014857604 0.103307397 -0.024089171 0.095700271 0.046911446 0.994012317
1305031113.039491892 0.249612907 0.018460007 0.099063788 -0.029420472 0.084076071 0.042607481 0.995113186
1305031113.107661963 0.226576639 0.013941279 0.096638054 -0.028733080 0.076533314 0.032149281 0.996134271
1305031113.207180977 0.185414557 0.012291740 0.094970457 -0.032340163 0.068964860 0.033904082 0.996518176
1305031113.271470070 0.159066735 0.010477486 0.097387211 -0.036841676 0.056620868 0.036804078 0.997036724
1305031113.339396000 0.110054154 0.019558522 0.092438284 -0.021783356 0.047502692 0.038564895 0.997888635
1305031113.407351017 0.079563643 0.011066588 0.100636545 -0.027186572 0.030777242 0.037419993 0.998455505
1305031113.475656986 0.058311028 0.013647762 0.095727585 -0.029031783 0.011398219 0.025657334 0.999184136
1305031113.539417028 0.026031394 0.008194028 0.102434022 -0.036001725 -0.001257167 0.020868593 0.999133023
1305031113.607215881 -0.000794469 0.011340486 0.099982567 -0.037952530 -0.009985986 0.011629384 0.999161970
1305031113.704256058 -0.041579394 0.009122404 0.101640785 -0.042238588 -0.009480387 -0.000364032 0.999062506
1305031113.838437080 -0.096560724 0.014239428 0.104070676 -0.038719242 -0.001014864 -0.015587248 0.999128034
1305031113.938560963 -0.145855132 0.012232026 0.110028043 -0.032263544 0.004850070 -0.022545054 0.999213321
1305031114.038546085 -0.196812660 0.013830595 0.111727110 -0.024424130 0.007347988 -0.036510990 0.999007716
1305031114.106401920 -0.216630982 0.014278156 0.108816756 -0.019898412 -0.008325589 -0.041386885 0.998910338
1305031114.206254959 -0.261111181 0.026087453 0.114392424 -0.012169353 -0.012418866 -0.048377494 0.998677774
1305031114.271075010 -0.292397247 0.026210041 0.121731166 -0.014429316 -0.020425290 -0.054202293 0.998216767
1305031114.338918924 -0.313356598 0.029088755 0.126764283 -0.016073725 -0.035028879 -0.056864310 0.997637742
1305031114.438539982 -0.345500377 0.028956185 0.128617833 -0.015460144 -0.043567629 -0.067021133 0.996679995
1305031114.506572962 -0.363504871 0.028471098 0.130533014 -0.016911322 -0.059603366 -0.068947351 0.995694586
1305031114.644150019 -0.381980311 0.024708704 0.134209282 -0.029581687 -0.070110646 -0.061421574 0.995206919
1305031115.007179022 -0.344392164 0.034031968 0.132250523 -0.038845778 -0.090290934 -0.074062757 0.992397733
1305031115.107074022 -0.314358176 0.036350007 0.145948179 -0.046893045 -0.079235360 -0.072091373 0.993139282
1305031115.206453085 -0.276550954 0.030044747 0.155884157 -0.051530872 -0.066197171 -0.065255207 0.994336091
1305031115.273468018 -0.249075305 0.033780209 0.159027066 -0.044518778 -0.057860786 -0.058155947 0.995634518
1305031115.343425989 -0.211738300 0.028604363 0.164651952 -0.041815707 -0.045550446 -0.048049734 0.996929198
1305031115.443039894 -0.162531805 0.033910644 0.176078720 -0.054390102 -0.052948006 -0.034045062 0.996533572
1305031115.507440090 -0.121831082 0.031927206 0.182391718 -0.062412233 -0.052185773 -0.021944923 0.996443565
1305031115.575289965 -0.080006602 0.030157097 0.182214027 -0.060972899 -0.030279220 -0.010892732 0.997620581
1305031115.643254042 -0.046827220 0.026420872 0.181177740 -0.059288474 -0.017684092 0.002247168 0.998081710
1305031115.706300974 -0.009946660 0.028767778 0.177826613 -0.056206679 -0.016954668 0.021821691 0.998036654
1305031115.774328947 0.029535362 0.026370674 0.176430393 -0.054761672 -0.001993529 0.035995258 0.997848449
1305031115.841936111 0.060028887 0.029097985 0.175213585 -0.055801607 0.018096274 0.051315827 0.996958069
1305031115.910716057 0.069670487 0.035929430 0.178621841 -0.048611268 0.036145703 0.063300494 0.996154346
1305031115.973798990 0.097307852 0.042983581 0.179258825 -0.048440726 0.048214151 0.074479255 0.994877747
1305031116.042618036 0.142970592 0.037581256 0.180324511 -0.058239909 0.062361534 0.078935310 0.993221208
1305031116.108247042 0.160714071 0.048782792 0.186818072 -0.065569559 0.085336267 0.085383226 0.990519086
1305031116.174890995 0.180054419 0.050603194 0.193196080 -0.071148699 0.099414239 0.090543837 0.988360504
1305031116.242719889 0.190853002 0.049725061 0.194635762 -0.077322971 0.115517825 0.097941934 0.985436029
1305031116.310686111 0.208871050 0.053458340 0.192444428 -0.078943374 0.133233772 0.104417805 0.982401969
1305031116.473393917 0.218020654 0.044820524 0.189528454 -0.075445191 0.150476280 0.123454757 0.977969240
1305031116.610891104 0.184517141 0.044245479 0.183897319 -0.070981993 0.145409983 0.106336348 0.981075978
1305031116.674523115 0.165011266 0.044545298 0.177952502 -0.069463192 0.127068661 0.088918513 0.985455183
1305031116.740575075 0.132299448 0.052188930 0.175187819 -0.067377926 0.119667873 0.067575046 0.988217298
1305031116.811342955 0.097329577 0.049432965 0.177482369 -0.070961136 0.113132930 0.049254756 0.989817875
1305031116.840369940 0.076024125 0.051034467 0.174034290 -0.068673123 0.105715740 0.041491732 0.991154186
1305031116.907954931 0.056283615 0.041176253 0.165918488 -0.074467414 0.076718118 0.030963807 0.993785780
1305031116.940625906 0.047474439 0.046109985 0.164806653 -0.073897063 0.059415714 0.023690160 0.995212426
1305031116.974656105 0.031266946 0.044130994 0.166483823 -0.074356726 0.047131216 0.013805635 0.996021651
1305031117.008811951 0.012928484 0.048628699 0.164400795 -0.071392122 0.036141823 0.005996018 0.996775291
1305031117.071181059 -0.014760797 0.055958351 0.161684320 -0.072377239 0.014646412 -0.004869582 0.997257893
1305031117.142383099 -0.057737570 0.068815490 0.167589016 -0.073067092 0.001148052 -0.006606180 0.997304487
1305031117.207752943 -0.067654394 0.069168367 0.162209809 -0.079021593 -0.017975759 -0.014325116 0.996607872
1305031117.508882046 -0.074683034 0.029799270 0.165963381 -0.088820676 -0.028211400 -0.018158838 0.995482426
1305031117.643284082 -0.079536946 0.005012310 0.168429782 -0.077871730 -0.033792962 -0.017435520 0.996237939
1305031117.778969049 -0.078235310 -0.029163472 0.181382403 -0.078876420 -0.045283630 -0.009174182 0.995813104
1305031117.879467010 -0.074208347 -0.058788786 0.194306018 -0.077067897 -0.045365236 -0.006336282 0.995973085
1305031118.011013031 -0.077458593 -0.100215779 0.216294196 -0.080318866 -0.039635930 -0.007193455 0.995954882
1305031118.110862970 -0.079514321 -0.124894788 0.238062052 -0.076912296 -0.030276483 -0.008980877 0.996537594
1305031118.210782051 -0.085405247 -0.159770452 0.251617038 -0.074277907 -0.019341021 -0.011238296 0.996986669
1305031118.310730934 -0.084150514 -0.192374356 0.259154060 -0.063373625 -0.022318886 -0.012408798 0.997663106
1305031118.445703030 -0.083462068 -0.207319185 0.268090841 -0.048606777 -0.021993567 -0.012426775 0.998498493
1305031118.710139990 -0.081299627 -0.174137659 0.264816077 -0.052330976 -0.015822576 -0.019437522 0.998315230
1305031118.810703039 -0.079858333 -0.144438541 0.253531128 -0.056133397 -0.024839882 -0.020239734 0.997909001
1305031118.909607887 -0.077477823 -0.106307134 0.233707773 -0.051465993 -0.021533054 -0.024499604 0.998141948
1305031119.009711981 -0.081708726 -0.064214363 0.213576265 -0.052721703 -0.018193739 -0.031862987 0.997934948
1305031119.110883951 -0.088478856 -0.034311155 0.196121914 -0.055502045 -0.023337462 -0.032083204 0.997670063
1305031119.210906029 -0.086621083 -0.002157003 0.177819068 -0.052350143 -0.033935099 -0.029326171 0.997621094
1305031119.347749949 -0.088714478 0.037400948 0.158590628 -0.050113327 -0.037919897 -0.023607338 0.997744170
1305031119.447726011 -0.083140118 0.069798251 0.146995642 -0.049736948 -0.039047686 -0.022461078 0.997745967
1305031119.547414064 -0.086129018 0.104676671 0.135816289 -0.049652751 -0.035229193 -0.020634688 0.997931720
1305031119.648889065 -0.088753552 0.141329736 0.128355106 -0.056661838 -0.030873838 -0.019130825 0.997732556
1305031119.715249062 -0.090150788 0.156694441 0.124225284 -0.068885348 -0.022868792 -0.018230656 0.997195803
1305031119.814570904 -0.093608982 0.184947162 0.120433069 -0.076679181 -0.023323724 -0.007688940 0.996753323
1305031119.911423922 -0.093870671 0.209593716 0.112280950 -0.079216664 -0.018692196 -0.003403650 0.996676345
1305031120.015283108 -0.096007115 0.235361219 0.107276870 -0.087758446 -0.009989713 -0.002767958 0.996087847
1305031120.315212965 -0.094724206 0.200203952 0.109956191 -0.091296294 -0.013090997 0.000331023 0.995737668
1305031120.415489912 -0.091767255 0.162034903 0.121708362 -0.083679924 -0.014549791 -0.002296711 0.996383811
1305031120.514877081 -0.093266020 0.141073282 0.140890091 -0.064614401 -0.016771717 0.000906533 0.997768945
1305031120.615271091 -0.090853568 0.116249624 0.153734292 -0.050430254 -0.029048731 0.009136115 0.998263238
1305031120.714553118 -0.085958498 0.094327000 0.166235940 -0.038982203 -0.035424622 0.010733465 0.998554093
1305031120.814904928 -0.083980720 0.066071436 0.176643352 -0.033419502 -0.040439403 0.010156705 0.998571296
1305031120.915453911 -0.082337749 0.037232028 0.186209997 -0.031296224 -0.039900384 0.004670588 0.998702504
1305031121.015028954 -0.085062439 0.004219761 0.192336722 -0.031178953 -0.039684171 -0.000925268 0.998725279
1305031121.114877939 -0.086529657 -0.023667407 0.199870146 -0.027451490 -0.041992574 -0.002634521 0.998737252
1305031121.211431026 -0.084343831 -0.054569140 0.208813892 -0.022692552 -0.045241582 -0.004145288 0.998709699
1305031121.313587904 -0.085480235 -0.086409599 0.217773966 -0.019720222 -0.045484054 -0.002857604 0.998766313
1305031121.414328098 -0.085252927 -0.116545205 0.225634799 -0.012710412 -0.047190728 -0.002263307 0.998802462
1305031121.514163971 -0.087453887 -0.143239851 0.232673835 -0.006999651 -0.042486865 0.000147020 0.999072495
1305031121.683211088 -0.089541061 -0.186787396 0.245222770 -0.012209594 -0.030679163 -0.005808750 0.999437829
1305031122.214968920 -0.089524296 -0.139735494 0.235715480 -0.016679367 -0.028658658 -0.017000339 0.999305493
1305031122.314308882 -0.095200357 -0.100368404 0.224407162 -0.026924468 -0.030101264 -0.026527021 0.998831970
1305031122.382678032 -0.100703459 -0.077824426 0.214373519 -0.036856997 -0.032512586 -0.030622082 0.998321983
1305031122.483387947 -0.103937517 -0.050087473 0.199475364 -0.046692993 -0.045859232 -0.029650657 0.997415427
1305031122.583216906 -0.100500188 -0.016875903 0.181926621 -0.049782025 -0.050051029 -0.034403933 0.996911738
1305031122.715219021 -0.107592887 0.024994468 0.163780242 -0.047951666 -0.054387817 -0.028399932 0.996963413
1305031122.812565088 -0.102283074 0.061687993 0.153980294 -0.054626135 -0.057980270 -0.029428409 0.996387596
1305031122.914585114 -0.100052663 0.082065270 0.146935540 -0.065897711 -0.046716040 -0.028589527 0.996322108
1305031123.051837921 -0.100048343 0.112564635 0.137003811 -0.070208163 -0.047027207 -0.019356453 0.996235205
1305031123.150840044 -0.101928134 0.146537775 0.130541531 -0.072625903 -0.043533447 -0.014601005 0.996301725
1305031123.250641108 -0.096744163 0.184066183 0.127071744 -0.082065128 -0.035083291 -0.014661673 0.995901357
1305031123.320991993 -0.094891308 0.200180315 0.127631891 -0.096458963 -0.028217476 -0.011256922 0.994873220
1305031123.382262945 -0.091827098 0.217804014 0.126338975 -0.105754456 -0.020223807 -0.007320762 0.994159645
1305031123.483604908 -0.091769144 0.244678230 0.120307561 -0.114023580 -0.011120557 0.001151295 0.993415135
1305031123.579616070 -0.088371829 0.266872323 0.117340177 -0.119867688 -0.009805173 0.009214212 0.992698693
1305031123.683784962 -0.083222191 0.291228385 0.114959507 -0.127411846 -0.004225351 0.011312031 0.991776389
1305031124.119668961 -0.082580191 0.252019562 0.121291967 -0.128586548 -0.017080056 0.023961463 0.991261630
1305031124.217179060 -0.079630458 0.225718023 0.133451754 -0.115964858 -0.022218416 0.015516872 0.992883538
1305031124.316781998 -0.080885213 0.197887326 0.139759632 -0.107252119 -0.031426627 0.015721647 0.993610678
1305031124.382431984 -0.077953745 0.179539590 0.144548954 -0.098284021 -0.038318195 0.013267051 0.994331913
1305031124.450256109 -0.077813886 0.155541132 0.147770295 -0.087337021 -0.040691139 0.010121822 0.995295948
1305031124.516736984 -0.078875750 0.135605680 0.151029348 -0.073610949 -0.043332433 0.005815842 0.996328211
1305031124.584605932 -0.079185213 0.118561549 0.151432096 -0.063880119 -0.047204719 0.002556157 0.996837254
1305031124.651313066 -0.079054386 0.097009411 0.157632562 -0.054597764 -0.052104668 -0.001405564 0.997147036
1305031124.715790987 -0.073963457 0.071007574 0.162912629 -0.047276061 -0.056269186 -0.005217123 0.997282074
1305031124.785177946 -0.075944771 0.045284420 0.171314314 -0.042369211 -0.056975446 -0.007841996 0.997445313
1305031124.883594036 -0.072212451 0.007332671 0.187731908 -0.038734003 -0.060720896 -0.009373305 0.997358908
1305031124.986459970 -0.073170803 -0.031327932 0.207422786 -0.040574264 -0.055928312 -0.007474709 0.997582018
1305031125.083479881 -0.073649139 -0.058650466 0.221377613 -0.033707008 -0.059545635 -0.003118281 0.997651458
1305031125.219017982 -0.080427401 -0.094167122 0.240010444 -0.031483657 -0.054367519 -0.002807903 0.998020575
1305031125.319139957 -0.082303095 -0.122246571 0.251245863 -0.027252182 -0.052610733 -0.005492418 0.998228061
1305031125.451231956 -0.086355596 -0.146208897 0.260943430 -0.026333953 -0.036009846 -0.016693800 0.998864921
1305031125.617870092 -0.086351564 -0.167729903 0.267726303 -0.028603925 -0.018984035 -0.022604668 0.999154868
1305031125.819449902 -0.087374926 -0.133489086 0.238428484 -0.011255054 -0.029990672 -0.020531037 0.999275918
1305031125.919333935 -0.094420921 -0.103866725 0.224922283 -0.015988478 -0.030178026 -0.022151436 0.999171141
1305031126.019572020 -0.090702662 -0.073047540 0.213872987 -0.021706641 -0.051292102 -0.016510278 0.998311250
1305031126.087075949 -0.083459420 -0.045644010 0.209062350 -0.028011652 -0.053189622 -0.015876999 0.998065194
1305031126.154999971 -0.081839977 -0.019655313 0.206642759 -0.033677738 -0.051701843 -0.014791893 0.997984934
1305031126.219472885 -0.081646322 0.008185035 0.209953241 -0.043301848 -0.052295094 -0.012938646 0.997608523
1305031126.287105083 -0.080747996 0.035458491 0.204928325 -0.049911246 -0.049025073 -0.014329348 0.997446780
1305031126.355415106 -0.079918102 0.059538931 0.200340951 -0.058737495 -0.041972189 -0.017176540 0.997242803
1305031126.419792891 -0.083012369 0.081632889 0.194614979 -0.066949227 -0.036287548 -0.020299082 0.996889644
1305031126.522320986 -0.085321531 0.113281744 0.183948503 -0.076392418 -0.035903435 -0.014357039 0.996327766
1305031126.618686914 -0.077912498 0.131784359 0.176014564 -0.094785819 -0.034639740 -0.011740392 0.994825563
1305031126.755373955 -0.073492049 0.149050496 0.169508862 -0.105759768 -0.027961454 0.000047449 0.993998504
1305031126.955501080 -0.068423538 0.169311139 0.157624763 -0.106138644 -0.016505639 0.005600079 0.994198567
1305031127.259761095 -0.065770317 0.151507806 0.162682382 -0.102063435 -0.030873660 0.008768858 0.994260016
1305031127.521899939 -0.071474126 0.136498671 0.173739179 -0.092971573 -0.038013937 0.002988556 0.994938338
1305031128.291275024 -0.071569762 0.112550175 0.195848153 -0.095442406 -0.046346348 0.007850974 0.994324457
