0.000000 0.000125037 0.000017373 -0.000180443 0.000036870 0.000059401 -0.000031134 0.999999997
1.000000000 -0.001770 -0.004328 -0.003458 0.000087 0.000999 0.000337 -0.999999
2.000000000 -0.000363 -0.010641 -0.003644 0.000003 0.000141 0.000034 -1.000000
3.000000000 -0.003054 -0.004399 -0.006242 0.000227 0.000429 0.002214 -0.999997
4.000000000 -0.002927 -0.003416 -0.008385 0.000460 0.000762 0.002576 -0.999996
5.000000000 -0.003436 -0.008554 -0.004105 0.000391 -0.000086 0.002030 -0.999998
6.000000000 -0.003670 -0.007366 -0.005268 0.000316 0.000266 0.002283 -0.999997
7.000000000 -0.003764 -0.005416 -0.006932 0.000295 0.000565 0.002724 -0.999996
8.000000000 -0.002699 -0.008800 -0.005384 0.000713 0.000295 0.002291 -0.999997
9.000000000 -0.002169 -0.012473 -0.003010 0.000864 0.000043 0.001885 -0.999998
10.000000000 -0.000877 -0.014074 -0.004089 0.001288 0.000194 0.001932 -0.999997
11.000000000 -0.002125 -0.011138 -0.005656 0.002119 0.000774 0.002282 -0.999995
12.000000000 -0.001598 -0.015567 -0.004507 0.002594 0.000987 0.001150 -0.999995
13.000000000 -0.002145 -0.015090 -0.004428 0.002860 0.001410 0.001250 -0.999994
14.000000000 -0.001599 -0.017934 -0.006900 0.002980 0.001453 0.000591 -0.999994
15.000000000 -0.002538 -0.017832 -0.003531 0.003180 0.000583 0.000634 -0.999995
16.000000000 -0.003853 -0.019987 -0.001317 0.003483 0.001021 -0.000301 -0.999993
17.000000000 -0.002862 -0.022713 -0.001539 0.003470 0.002012 -0.000950 -0.999992
18.000000000 -0.003520 -0.024242 -0.001811 0.003782 0.002657 -0.001427 -0.999988
19.000000000 -0.003668 -0.024701 -0.001108 0.004511 0.003060 -0.002099 -0.999983
20.000000000 -0.003737 -0.027591 -0.001381 0.004641 0.003827 -0.003195 -0.999977
21.000000000 -0.004118 -0.034221 0.001384 0.004434 0.003589 -0.004900 -0.999972
22.000000000 -0.005523 -0.036252 0.002282 0.004342 0.004201 -0.005817 -0.999965
23.000000000 -0.006785 -0.043082 0.001691 0.004370 0.005094 -0.007966 -0.999946
24.000000000 -0.006929 -0.042672 -0.004675 0.004738 0.005892 -0.008675 -0.999934
25.000000000 -0.006767 -0.050852 -0.001642 0.004545 0.004970 -0.011308 -0.999913
26.000000000 -0.008040 -0.056055 -0.002187 0.004055 0.005498 -0.013584 -0.999884
27.000000000 -0.008495 -0.060586 -0.002765 0.003365 0.005978 -0.015262 -0.999860
28.000000000 -0.011417 -0.065161 -0.001796 0.002718 0.005393 -0.017186 -0.999834
29.000000000 -0.009139 -0.075515 -0.002169 0.002312 0.005344 -0.020037 -0.999782
30.000000000 -0.011234 -0.082328 -0.003104 0.002059 0.005814 -0.021942 -0.999740
31.000000000 -0.013768 -0.087719 -0.002884 0.001466 0.005849 -0.023996 -0.999694
32.000000000 -0.013912 -0.093704 -0.002299 0.000972 0.005323 -0.025683 -0.999655
33.000000000 -0.010978 -0.123618 0.001488 0.000691 0.004544 -0.030356 -0.999529
34.000000000 -0.013193 -0.128549 -0.002578 -0.000562 0.005491 -0.031472 -0.999489
35.000000000 -0.015978 -0.132560 -0.000908 -0.002286 0.004761 -0.032101 -0.999471
36.000000000 -0.014830 -0.139683 -0.000297 -0.002916 0.004269 -0.033345 -0.999431
37.000000000 -0.013524 -0.155439 0.002739 -0.003292 0.004498 -0.036616 -0.999314
38.000000000 -0.017215 -0.156785 0.004077 -0.003078 0.004934 -0.037574 -0.999277
39.000000000 -0.015933 -0.165933 0.003191 -0.002484 0.005961 -0.040284 -0.999167
40.000000000 -0.015297 -0.177926 0.006365 -0.002020 0.007346 -0.043428 -0.999028
41.000000000 -0.012956 -0.192077 0.006204 -0.001772 0.008744 -0.046500 -0.998878
42.000000000 -0.009868 -0.197203 0.006564 -0.001249 0.009158 -0.047013 -0.998852
43.000000000 -0.011628 -0.204946 0.004300 -0.000617 0.009962 -0.048423 -0.998777
44.000000000 -0.007757 -0.212662 0.004074 0.000077 0.010378 -0.049332 -0.998728
45.000000000 -0.007498 -0.220293 0.002565 0.000586 0.009963 -0.050195 -0.998690
46.000000000 -0.007549 -0.222543 0.003975 0.001667 0.009147 -0.050302 -0.998691
47.000000000 -0.007224 -0.226224 0.006297 0.002462 0.009279 -0.050794 -0.998663
48.000000000 -0.006507 -0.232944 0.004390 0.002577 0.009288 -0.052063 -0.998597
49.000000000 -0.001450 -0.248763 0.005832 0.001989 0.008375 -0.054739 -0.998464
50.000000000 -0.004132 -0.247978 0.004630 0.001657 0.008135 -0.054239 -0.998493
51.000000000 -0.004776 -0.250454 0.004150 0.001780 0.007120 -0.054675 -0.998477
52.000000000 -0.008730 -0.250714 0.005926 0.002517 0.006038 -0.054709 -0.998481
53.000000000 -0.002178 -0.264555 0.007520 0.003587 0.005906 -0.056604 -0.998373
54.000000000 -0.003071 -0.267945 0.005567 0.004546 0.006962 -0.056592 -0.998363
55.000000000 0.006094 -0.287707 0.007548 0.005206 0.006164 -0.060453 -0.998138
56.000000000 0.006652 -0.291268 0.010270 0.005670 0.005321 -0.060841 -0.998117
57.000000000 0.010364 -0.303652 0.009425 0.004982 0.006591 -0.062901 -0.997986
58.000000000 0.017902 -0.309856 0.003127 0.004060 0.007736 -0.065310 -0.997827
59.000000000 0.015394 -0.308514 0.000920 0.002956 0.007639 -0.065042 -0.997849
60.000000000 0.016311 -0.315996 0.004758 0.001826 0.007440 -0.066723 -0.997742
61.000000000 0.025799 -0.343088 0.007052 0.000046 0.008225 -0.073110 -0.997290
62.000000000 0.027102 -0.352070 0.010317 -0.001487 0.008628 -0.076437 -0.997036
63.000000000 0.031722 -0.363147 0.007671 -0.003657 0.010267 -0.080093 -0.996728
64.000000000 0.035699 -0.378939 0.006165 -0.005920 0.011344 -0.084382 -0.996351
65.000000000 0.037551 -0.388827 0.004385 -0.007181 0.012767 -0.087751 -0.996035
66.000000000 0.039563 -0.399498 0.002805 -0.008313 0.013391 -0.091352 -0.995694
67.000000000 0.038674 -0.411746 0.006850 -0.008926 0.012625 -0.095172 -0.995341
68.000000000 0.041298 -0.420065 0.005954 -0.008767 0.013638 -0.097620 -0.995092
69.000000000 0.040637 -0.426756 0.003542 -0.008255 0.014975 -0.099839 -0.994857
70.000000000 0.038631 -0.436007 0.006434 -0.007007 0.014962 -0.101687 -0.994679
71.000000000 0.041711 -0.453561 0.001023 -0.003536 0.016338 -0.106787 -0.994141
72.000000000 0.043007 -0.463404 0.001393 -0.002147 0.015800 -0.109720 -0.993835
73.000000000 0.040315 -0.464527 -0.002798 -0.000486 0.015829 -0.110750 -0.993722
74.000000000 0.037466 -0.466950 -0.006479 0.000856 0.016002 -0.111584 -0.993626
75.000000000 0.029536 -0.465136 -0.009800 0.002022 0.014448 -0.112577 -0.993536
76.000000000 0.022287 -0.464575 -0.008294 0.003155 0.011830 -0.114173 -0.993385
77.000000000 0.015339 -0.463436 -0.009235 0.003485 0.010464 -0.115864 -0.993204
78.000000000 0.012204 -0.469260 -0.013180 0.003269 0.009967 -0.119127 -0.992824
79.000000000 0.009935 -0.469223 -0.023897 0.002873 0.009482 -0.121453 -0.992548
80.000000000 0.013149 -0.482890 -0.021950 0.002238 0.007115 -0.126120 -0.991987
81.000000000 0.012431 -0.490626 -0.021100 0.001335 0.006969 -0.130349 -0.991443
82.000000000 0.009086 -0.497367 -0.024810 0.000069 0.007677 -0.134297 -0.990911
83.000000000 0.009570 -0.510216 -0.024173 -0.000723 0.007514 -0.139234 -0.990231
84.000000000 0.009087 -0.523024 -0.022995 -0.001347 0.008015 -0.144937 -0.989408
85.000000000 0.013569 -0.540257 -0.020976 -0.002825 0.008408 -0.151580 -0.988405
86.000000000 0.011972 -0.546416 -0.022627 -0.004569 0.009277 -0.154671 -0.987912
87.000000000 0.013388 -0.563345 -0.017936 -0.006916 0.009173 -0.159033 -0.987206
88.000000000 0.013699 -0.573343 -0.019653 -0.009068 0.009660 -0.162362 -0.986642
89.000000000 0.013065 -0.580608 -0.019113 -0.010895 0.009737 -0.164900 -0.986202
90.000000000 0.014474 -0.592380 -0.018125 -0.012146 0.010754 -0.168521 -0.985564
91.000000000 0.020318 -0.607871 -0.021779 -0.013279 0.012578 -0.173125 -0.984730
92.000000000 0.017531 -0.614643 -0.017325 -0.014025 0.011750 -0.175132 -0.984375
93.000000000 0.016337 -0.618710 -0.016684 -0.014252 0.012013 -0.177160 -0.984005
94.000000000 0.025327 -0.629227 -0.021820 -0.015114 0.013643 -0.180756 -0.983317
95.000000000 0.023121 -0.635879 -0.024428 -0.015332 0.014100 -0.183310 -0.982834
96.000000000 0.028668 -0.647016 -0.015482 -0.015629 0.012836 -0.185994 -0.982343
97.000000000 0.028164 -0.656670 -0.018148 -0.015945 0.014909 -0.189073 -0.981720
98.000000000 0.031654 -0.661327 -0.021364 -0.016311 0.016455 -0.190791 -0.981357
99.000000000 0.035989 -0.670686 -0.020061 -0.016416 0.016201 -0.193439 -0.980841
100.000000000 0.044392 -0.683915 -0.016110 -0.016365 0.015614 -0.197075 -0.980128
101.000000000 0.044719 -0.686527 -0.013444 -0.015718 0.015787 -0.198090 -0.979931
102.000000000 0.049711 -0.692517 -0.016902 -0.015367 0.017062 -0.200823 -0.979358
103.000000000 0.064094 -0.708107 -0.013505 -0.015769 0.016732 -0.205676 -0.978350
104.000000000 0.064866 -0.710973 -0.012052 -0.016667 0.017440 -0.207696 -0.977896
105.000000000 0.066977 -0.716307 -0.009266 -0.017885 0.016712 -0.210162 -0.977360
106.000000000 0.059744 -0.713456 -0.007194 -0.018575 0.016179 -0.210347 -0.977316
107.000000000 0.070833 -0.724913 -0.008131 -0.018389 0.017374 -0.213936 -0.976520
108.000000000 0.073770 -0.728472 -0.007599 -0.018839 0.018354 -0.216494 -0.975930
109.000000000 0.080411 -0.733832 -0.008651 -0.019666 0.019251 -0.220336 -0.975036
110.000000000 0.087308 -0.740700 -0.004612 -0.020532 0.019454 -0.224064 -0.974164
111.000000000 0.095662 -0.749199 -0.005193 -0.021393 0.021290 -0.228486 -0.973079
112.000000000 0.100630 -0.753985 -0.005203 -0.022408 0.022270 -0.232069 -0.972186
113.000000000 0.114751 -0.767373 -0.006250 -0.023960 0.023402 -0.237769 -0.970744
114.000000000 0.114041 -0.765744 -0.008488 -0.025057 0.025473 -0.239685 -0.970193
115.000000000 0.128170 -0.777548 -0.009216 -0.026591 0.026594 -0.245097 -0.968769
116.000000000 0.137097 -0.784148 -0.012564 -0.027341 0.026678 -0.248531 -0.967870
117.000000000 0.142388 -0.792388 -0.005869 -0.027513 0.024644 -0.252443 -0.966907
118.000000000 0.150692 -0.798261 -0.010560 -0.027011 0.025961 -0.256294 -0.965873
119.000000000 0.157722 -0.804240 -0.010986 -0.026698 0.026576 -0.260037 -0.964864
120.000000000 0.174449 -0.813078 -0.008962 -0.026121 0.026621 -0.264316 -0.963715
121.000000000 0.172966 -0.817871 -0.010204 -0.026156 0.028468 -0.266931 -0.962940
122.000000000 0.176263 -0.822143 -0.014829 -0.026457 0.029067 -0.269518 -0.962193
123.000000000 0.195835 -0.833109 -0.012610 -0.026654 0.026690 -0.274726 -0.960783
124.000000000 0.200576 -0.837042 -0.015818 -0.027340 0.026392 -0.278142 -0.959788
125.000000000 0.206560 -0.840892 -0.016021 -0.027669 0.025681 -0.281302 -0.958877
126.000000000 0.226164 -0.851830 -0.019023 -0.027446 0.025431 -0.286885 -0.957234
127.000000000 0.231489 -0.856937 -0.019007 -0.027202 0.025647 -0.290557 -0.956127
128.000000000 0.235949 -0.859986 -0.015523 -0.027347 0.025886 -0.293644 -0.955173
129.000000000 0.258967 -0.869211 -0.017105 -0.027723 0.025961 -0.298929 -0.953519
130.000000000 0.258741 -0.870186 -0.022150 -0.029021 0.027449 -0.301806 -0.952532
131.000000000 0.259778 -0.872341 -0.016936 -0.029882 0.026471 -0.305336 -0.951408
132.000000000 0.278593 -0.882558 -0.017292 -0.030608 0.026965 -0.311611 -0.949334
133.000000000 0.295163 -0.891490 -0.019843 -0.031761 0.027718 -0.318639 -0.946938
134.000000000 0.299627 -0.894779 -0.020982 -0.032841 0.026983 -0.323520 -0.945266
135.000000000 0.314853 -0.903264 -0.020431 -0.034619 0.025960 -0.329717 -0.943088
136.000000000 0.324827 -0.909610 -0.018511 -0.036109 0.025036 -0.333703 -0.941654
137.000000000 0.328405 -0.913255 -0.020175 -0.037431 0.024798 -0.337785 -0.940152
138.000000000 0.335155 -0.920652 -0.018481 -0.038899 0.024882 -0.343197 -0.938128
139.000000000 0.347876 -0.928675 -0.018531 -0.040512 0.026367 -0.349378 -0.935734
140.000000000 0.354023 -0.934726 -0.020394 -0.041811 0.028143 -0.354576 -0.933668
141.000000000 0.364156 -0.939642 -0.023990 -0.042933 0.029543 -0.359683 -0.931618
142.000000000 0.375044 -0.945022 -0.029448 -0.044726 0.031246 -0.364496 -0.929605
143.000000000 0.380662 -0.950636 -0.024840 -0.046050 0.029704 -0.368755 -0.927910
144.000000000 0.387476 -0.955215 -0.029046 -0.046812 0.029460 -0.372703 -0.926301
145.000000000 0.397203 -0.961759 -0.026905 -0.047422 0.028445 -0.377341 -0.924422
146.000000000 0.421479 -0.976539 -0.028557 -0.047315 0.028499 -0.386271 -0.920730
147.000000000 0.426233 -0.978659 -0.025023 -0.047059 0.028360 -0.390260 -0.919064
148.000000000 0.436090 -0.982377 -0.029435 -0.047650 0.029761 -0.394951 -0.916983
149.000000000 0.444402 -0.985793 -0.028639 -0.047819 0.029903 -0.398798 -0.915303
150.000000000 0.455823 -0.990200 -0.030082 -0.048106 0.031212 -0.402750 -0.913512
151.000000000 0.464889 -0.991663 -0.031450 -0.048373 0.031708 -0.406538 -0.911801
152.000000000 0.474657 -0.995675 -0.031186 -0.048895 0.031591 -0.410690 -0.909915
153.000000000 0.484509 -1.000869 -0.026041 -0.050498 0.031540 -0.414552 -0.908076
154.000000000 0.487425 -0.998918 -0.027556 -0.052204 0.032797 -0.417220 -0.906712
155.000000000 0.504022 -1.004800 -0.027605 -0.054300 0.033484 -0.422072 -0.904315
156.000000000 0.514600 -1.006291 -0.030014 -0.056301 0.034004 -0.426543 -0.902072
157.000000000 0.536090 -1.012176 -0.030297 -0.058183 0.033730 -0.432206 -0.899264
158.000000000 0.541499 -1.012824 -0.025376 -0.059354 0.032715 -0.436060 -0.897362
159.000000000 0.555557 -1.013225 -0.029772 -0.060410 0.033550 -0.440381 -0.895148
160.000000000 0.565852 -1.012204 -0.032981 -0.060737 0.033395 -0.445063 -0.892813
161.000000000 0.576660 -1.012963 -0.027583 -0.060445 0.032215 -0.450135 -0.890330
162.000000000 0.588984 -1.012717 -0.032708 -0.060584 0.033353 -0.455265 -0.887666
163.000000000 0.600048 -1.013164 -0.030993 -0.059988 0.032892 -0.459808 -0.885379
164.000000000 0.617693 -1.014846 -0.032279 -0.059734 0.032335 -0.465110 -0.882643
165.000000000 0.629658 -1.014235 -0.033032 -0.058266 0.032007 -0.469054 -0.880664
166.000000000 0.640283 -1.013064 -0.036146 -0.057080 0.032113 -0.472096 -0.879111
167.000000000 0.652210 -1.012457 -0.035846 -0.055880 0.030704 -0.475037 -0.877653
168.000000000 0.666560 -1.012685 -0.031801 -0.055149 0.030007 -0.478136 -0.876039
169.000000000 0.683981 -1.014342 -0.035103 -0.055767 0.031704 -0.482286 -0.873662
170.000000000 0.693285 -1.013279 -0.039125 -0.056486 0.032486 -0.485223 -0.871959
171.000000000 0.705791 -1.010105 -0.036320 -0.056386 0.031220 -0.487521 -0.870729
172.000000000 0.719741 -1.010766 -0.037619 -0.056488 0.030995 -0.490318 -0.869159
173.000000000 0.731001 -1.010113 -0.041503 -0.056466 0.030451 -0.492142 -0.868148
174.000000000 0.744200 -1.010904 -0.042296 -0.056464 0.029510 -0.493775 -0.867253
175.000000000 0.758540 -1.012636 -0.039951 -0.055907 0.028515 -0.494553 -0.866879
176.000000000 0.764114 -1.010278 -0.039961 -0.054782 0.029142 -0.494260 -0.867097
177.000000000 0.771872 -1.009470 -0.039432 -0.054336 0.031508 -0.495046 -0.866593
178.000000000 0.786914 -1.010144 -0.039839 -0.054659 0.033520 -0.497301 -0.865206
179.000000000 0.800901 -1.010020 -0.040731 -0.054393 0.034467 -0.499653 -0.863829
180.000000000 0.810496 -1.006866 -0.043854 -0.054218 0.034996 -0.501641 -0.862666
181.000000000 0.823632 -1.006982 -0.044716 -0.053800 0.035012 -0.504690 -0.860911
182.000000000 0.841099 -1.009241 -0.043955 -0.053397 0.035611 -0.507804 -0.859078
183.000000000 0.851657 -1.007709 -0.042937 -0.053232 0.036199 -0.509928 -0.857805
184.000000000 0.868092 -1.007861 -0.047715 -0.054023 0.037909 -0.513534 -0.855528
185.000000000 0.885616 -1.007029 -0.049186 -0.054413 0.039069 -0.517612 -0.852989
186.000000000 0.895244 -1.004896 -0.048989 -0.054920 0.040396 -0.521673 -0.850417
187.000000000 0.910160 -1.002534 -0.051857 -0.055855 0.041576 -0.526372 -0.847399
188.000000000 0.927359 -1.000207 -0.054972 -0.055795 0.041013 -0.531366 -0.844308
189.000000000 0.938957 -0.996508 -0.049916 -0.055067 0.039015 -0.535425 -0.841882
190.000000000 0.955242 -0.995544 -0.051271 -0.055299 0.039230 -0.540208 -0.838796
191.000000000 0.969460 -0.991802 -0.058970 -0.055853 0.038945 -0.544637 -0.835903
192.000000000 0.988396 -0.991596 -0.058314 -0.054793 0.035530 -0.549816 -0.832729
193.000000000 1.003067 -0.991738 -0.055430 -0.053675 0.033829 -0.554568 -0.829716
194.000000000 1.021012 -0.991442 -0.053572 -0.053961 0.035420 -0.559394 -0.826385
195.000000000 1.040046 -0.990087 -0.056415 -0.055361 0.037738 -0.564319 -0.822833
196.000000000 1.048382 -0.988181 -0.061849 -0.056769 0.039116 -0.568368 -0.819881
197.000000000 1.064795 -0.987194 -0.063907 -0.057784 0.038382 -0.573551 -0.816228
198.000000000 1.080904 -0.985085 -0.066232 -0.058145 0.036500 -0.578143 -0.813042
199.000000000 1.089114 -0.979475 -0.068664 -0.059077 0.035097 -0.582108 -0.810203
200.000000000 1.102870 -0.978536 -0.069019 -0.060158 0.035238 -0.586565 -0.806896
201.000000000 1.118801 -0.976085 -0.069483 -0.061307 0.035201 -0.590924 -0.803624
202.000000000 1.133561 -0.973935 -0.071209 -0.062245 0.035153 -0.595055 -0.800499
203.000000000 1.145457 -0.971932 -0.071196 -0.062784 0.034281 -0.598587 -0.797857
204.000000000 1.161235 -0.969380 -0.069788 -0.063418 0.033893 -0.601695 -0.795483
205.000000000 1.170525 -0.968823 -0.064697 -0.063222 0.034331 -0.603725 -0.793940
206.000000000 1.178883 -0.964127 -0.068970 -0.063870 0.035984 -0.605568 -0.792410
207.000000000 1.195411 -0.960095 -0.070267 -0.063180 0.035890 -0.608008 -0.790598
208.000000000 1.205979 -0.955748 -0.071703 -0.062335 0.035414 -0.610379 -0.788858
209.000000000 1.217954 -0.949969 -0.073417 -0.060768 0.034501 -0.613430 -0.786652
210.000000000 1.231449 -0.945130 -0.070962 -0.059015 0.033320 -0.617144 -0.783926
211.000000000 1.244595 -0.938003 -0.073655 -0.058680 0.033765 -0.620136 -0.781567
212.000000000 1.262984 -0.931148 -0.077995 -0.057688 0.032711 -0.624056 -0.778560
213.000000000 1.275503 -0.925640 -0.081747 -0.055889 0.031106 -0.626730 -0.776607
214.000000000 1.281378 -0.918941 -0.080636 -0.054606 0.029068 -0.628488 -0.775355
215.000000000 1.299223 -0.908436 -0.085138 -0.054216 0.027593 -0.631163 -0.773261
216.000000000 1.311366 -0.898815 -0.090317 -0.052181 0.025104 -0.633292 -0.771743
217.000000000 1.322868 -0.891011 -0.088971 -0.050388 0.022083 -0.635248 -0.770346
218.000000000 1.331874 -0.881622 -0.090209 -0.049253 0.020387 -0.637471 -0.768628
219.000000000 1.348316 -0.870533 -0.094542 -0.048208 0.018339 -0.640864 -0.765920
220.000000000 1.357618 -0.860768 -0.095779 -0.046665 0.015029 -0.644142 -0.763333
221.000000000 1.370570 -0.852793 -0.096336 -0.045436 0.013096 -0.647189 -0.760861
222.000000000 1.383150 -0.841039 -0.099897 -0.044091 0.011404 -0.649917 -0.758639
223.000000000 1.393655 -0.829857 -0.104088 -0.042999 0.009986 -0.652969 -0.756097
224.000000000 1.400530 -0.819588 -0.106191 -0.041870 0.007860 -0.655613 -0.753894
225.000000000 1.412069 -0.809327 -0.109548 -0.041405 0.005363 -0.658537 -0.751390
226.000000000 1.419851 -0.797992 -0.115076 -0.041056 0.002393 -0.660127 -0.750027
227.000000000 1.435474 -0.786363 -0.119901 -0.039701 -0.001847 -0.662360 -0.748131
228.000000000 1.441430 -0.776680 -0.122334 -0.037117 -0.006025 -0.662967 -0.747704
229.000000000 1.448666 -0.764993 -0.127703 -0.034216 -0.009457 -0.663663 -0.747189
230.000000000 1.459729 -0.755447 -0.128275 -0.030176 -0.012761 -0.665022 -0.746105
231.000000000 1.465401 -0.746674 -0.131463 -0.026217 -0.013869 -0.665855 -0.745491
232.000000000 1.471887 -0.737911 -0.133454 -0.022702 -0.015130 -0.666719 -0.744810
233.000000000 1.481332 -0.729467 -0.135883 -0.019297 -0.016279 -0.668392 -0.743381
234.000000000 1.487606 -0.719835 -0.138933 -0.016336 -0.017731 -0.669692 -0.742248
235.000000000 1.497266 -0.709787 -0.142034 -0.013832 -0.019152 -0.671019 -0.741063
236.000000000 1.502689 -0.700225 -0.146276 -0.011738 -0.020006 -0.671803 -0.740367
237.000000000 1.510780 -0.689234 -0.152170 -0.009848 -0.021390 -0.672793 -0.739456
238.000000000 1.518099 -0.678994 -0.157214 -0.007453 -0.023507 -0.673761 -0.738538
239.000000000 1.526909 -0.668539 -0.162163 -0.004798 -0.025930 -0.674821 -0.737510
240.000000000 1.535014 -0.657945 -0.161042 -0.002003 -0.029751 -0.675830 -0.736454
241.000000000 1.544841 -0.647743 -0.163554 -0.000118 -0.031870 -0.677331 -0.734987
242.000000000 1.552179 -0.637453 -0.168869 0.001756 -0.032736 -0.678942 -0.733460
243.000000000 1.559553 -0.626093 -0.175847 0.004273 -0.034195 -0.681523 -0.730985
244.000000000 1.566756 -0.616078 -0.178463 0.007086 -0.037223 -0.684528 -0.728001
245.000000000 1.576820 -0.605229 -0.181553 0.008932 -0.040290 -0.687785 -0.724740
246.000000000 1.585944 -0.596408 -0.182984 0.010639 -0.043217 -0.690641 -0.721827
247.000000000 1.594676 -0.587192 -0.184072 0.011157 -0.045381 -0.693821 -0.718629
248.000000000 1.602538 -0.576858 -0.187415 0.010630 -0.047579 -0.697321 -0.715099
249.000000000 1.611374 -0.566727 -0.188567 0.010695 -0.049672 -0.701287 -0.711066
250.000000000 1.619669 -0.557740 -0.192391 0.009927 -0.050924 -0.705334 -0.706974
251.000000000 1.630332 -0.549254 -0.190688 0.010798 -0.052936 -0.709303 -0.702830
252.000000000 1.639526 -0.541828 -0.187537 0.010427 -0.053367 -0.712549 -0.699512
253.000000000 1.649509 -0.532034 -0.190632 0.008489 -0.052800 -0.715840 -0.696213
254.000000000 1.657585 -0.521241 -0.198472 0.006496 -0.052376 -0.718514 -0.693507
255.000000000 1.666950 -0.509862 -0.203356 0.005760 -0.053980 -0.720797 -0.691017
256.000000000 1.676486 -0.500155 -0.202556 0.006316 -0.055950 -0.723051 -0.688496
257.000000000 1.684782 -0.490188 -0.208246 0.006175 -0.055797 -0.725708 -0.685709
258.000000000 1.690900 -0.479700 -0.212026 0.007023 -0.056519 -0.728515 -0.682658
259.000000000 1.699181 -0.470191 -0.214032 0.008491 -0.057391 -0.732023 -0.678805
260.000000000 1.705085 -0.460347 -0.213223 0.010100 -0.057979 -0.734651 -0.675888
261.000000000 1.713002 -0.450866 -0.213380 0.010660 -0.057803 -0.737456 -0.672833
262.000000000 1.718300 -0.440145 -0.215266 0.011172 -0.057145 -0.739678 -0.670437
263.000000000 1.724705 -0.429579 -0.214439 0.012099 -0.056982 -0.741754 -0.668137
264.000000000 1.730738 -0.418231 -0.216750 0.012153 -0.056495 -0.743240 -0.666525
265.000000000 1.735148 -0.406754 -0.218826 0.012854 -0.056177 -0.744126 -0.665549
266.000000000 1.738850 -0.395383 -0.218074 0.014169 -0.056409 -0.744915 -0.664619
267.000000000 1.743643 -0.379311 -0.221574 0.015821 -0.055433 -0.745673 -0.663813
268.000000000 1.745145 -0.367403 -0.221969 0.016547 -0.054603 -0.746822 -0.662571
269.000000000 1.755699 -0.342361 -0.226653 0.017349 -0.054015 -0.749525 -0.659541
270.000000000 1.760549 -0.327317 -0.230063 0.019433 -0.055874 -0.750088 -0.658687
271.000000000 1.763372 -0.315446 -0.228196 0.022797 -0.058315 -0.750486 -0.657914
272.000000000 1.767746 -0.303395 -0.229212 0.024465 -0.059272 -0.751638 -0.656451
273.000000000 1.771326 -0.290111 -0.230381 0.026328 -0.059972 -0.752771 -0.655016
274.000000000 1.773347 -0.277827 -0.230610 0.028107 -0.060168 -0.753551 -0.654026
275.000000000 1.777539 -0.264017 -0.232207 0.029495 -0.059407 -0.754620 -0.652802
276.000000000 1.782166 -0.253738 -0.231256 0.030735 -0.059653 -0.756097 -0.651010
277.000000000 1.784899 -0.240525 -0.233429 0.032500 -0.059647 -0.756819 -0.650085
278.000000000 1.789519 -0.226519 -0.234832 0.034366 -0.060582 -0.757534 -0.649069
279.000000000 1.792043 -0.212476 -0.237601 0.036319 -0.061084 -0.757963 -0.648415
280.000000000 1.794987 -0.199441 -0.238443 0.037949 -0.061745 -0.758605 -0.647508
281.000000000 1.799520 -0.187366 -0.237521 0.039313 -0.062326 -0.759660 -0.646132
282.000000000 1.801806 -0.175425 -0.239163 0.039412 -0.061796 -0.760690 -0.644964
283.000000000 1.807413 -0.162703 -0.241397 0.040086 -0.061992 -0.761897 -0.643478
284.000000000 1.811181 -0.151323 -0.242334 0.041519 -0.063395 -0.762216 -0.642872
285.000000000 1.815380 -0.140716 -0.242400 0.042465 -0.064452 -0.761950 -0.643021
286.000000000 1.819430 -0.131288 -0.241794 0.042617 -0.064285 -0.761289 -0.643809
287.000000000 1.823457 -0.122529 -0.241798 0.042277 -0.063176 -0.760456 -0.644925
288.000000000 1.831723 -0.112833 -0.241627 0.041474 -0.062406 -0.760273 -0.645267
289.000000000 1.838105 -0.104734 -0.242242 0.040497 -0.061016 -0.759579 -0.646279
290.000000000 1.844332 -0.096717 -0.240384 0.040081 -0.060403 -0.758961 -0.647088
291.000000000 1.850400 -0.089430 -0.242256 0.039258 -0.060123 -0.758140 -0.648126
292.000000000 1.855912 -0.083003 -0.242604 0.039282 -0.060387 -0.757397 -0.648969
293.000000000 1.863265 -0.076915 -0.241673 0.038821 -0.060516 -0.757438 -0.648936
294.000000000 1.871135 -0.070820 -0.241744 0.037719 -0.060214 -0.758117 -0.648236
295.000000000 1.877634 -0.064985 -0.242009 0.036837 -0.059268 -0.759204 -0.647101
296.000000000 1.884768 -0.060219 -0.241289 0.036069 -0.058308 -0.760465 -0.645750
297.000000000 1.892846 -0.054210 -0.241271 0.034982 -0.057217 -0.762019 -0.644073
298.000000000 1.900155 -0.049912 -0.241262 0.034230 -0.056546 -0.763620 -0.642273
299.000000000 1.908880 -0.044860 -0.242405 0.033731 -0.056128 -0.765018 -0.640671
300.000000000 1.917916 -0.040313 -0.242564 0.033529 -0.055750 -0.766240 -0.639252
301.000000000 1.927167 -0.036597 -0.243177 0.032904 -0.054845 -0.767358 -0.638022
302.000000000 1.937136 -0.032427 -0.242769 0.031916 -0.054276 -0.768593 -0.636632
303.000000000 1.948324 -0.027594 -0.241700 0.030659 -0.054363 -0.769850 -0.635166
304.000000000 1.960195 -0.024335 -0.242633 0.029042 -0.054255 -0.771020 -0.633831
305.000000000 1.971459 -0.020709 -0.242953 0.028055 -0.054717 -0.771754 -0.632941
306.000000000 1.982686 -0.017724 -0.243090 0.026459 -0.054390 -0.772360 -0.632298
307.000000000 1.995331 -0.014969 -0.242877 0.024772 -0.053821 -0.773544 -0.630966
308.000000000 2.004328 -0.014168 -0.242426 0.022934 -0.052650 -0.774606 -0.629831
309.000000000 2.016043 -0.012833 -0.242178 0.020633 -0.051781 -0.776222 -0.627991
310.000000000 2.026885 -0.010338 -0.243089 0.018645 -0.051408 -0.777401 -0.626623
311.000000000 2.051925 -0.007287 -0.242964 0.015666 -0.052869 -0.779066 -0.624512
312.000000000 2.061105 -0.006171 -0.244062 0.014487 -0.053073 -0.778940 -0.624681
313.000000000 2.073667 -0.006595 -0.242328 0.013705 -0.053110 -0.778651 -0.625056
314.000000000 2.085530 -0.005694 -0.243080 0.012103 -0.052631 -0.777771 -0.626224
315.000000000 2.096767 -0.006180 -0.243822 0.011438 -0.052135 -0.776291 -0.628111
316.000000000 2.109439 -0.006661 -0.243194 0.011178 -0.052458 -0.774137 -0.630742
317.000000000 2.119778 -0.008796 -0.241957 0.011444 -0.052381 -0.771618 -0.633822
318.000000000 2.130768 -0.008883 -0.243250 0.011137 -0.052121 -0.768923 -0.637116
319.000000000 2.138475 -0.011185 -0.242164 0.011149 -0.052064 -0.765952 -0.640689
320.000000000 2.148710 -0.013634 -0.241101 0.011845 -0.051743 -0.762254 -0.645098
321.000000000 2.158267 -0.015114 -0.241669 0.012448 -0.051529 -0.757917 -0.650194
322.000000000 2.165948 -0.018455 -0.240543 0.013553 -0.051051 -0.752691 -0.656252
323.000000000 2.175079 -0.020426 -0.240091 0.013874 -0.050572 -0.747270 -0.662448
324.000000000 2.183872 -0.022011 -0.240998 0.014077 -0.049797 -0.741383 -0.669084
325.000000000 2.190271 -0.023582 -0.239928 0.014333 -0.050216 -0.734952 -0.676106
326.000000000 2.198879 -0.026013 -0.239614 0.015213 -0.049863 -0.727835 -0.683768
327.000000000 2.207479 -0.025326 -0.243346 0.014274 -0.049336 -0.720958 -0.691073
328.000000000 2.216298 -0.027218 -0.244234 0.014553 -0.048883 -0.714142 -0.698140
329.000000000 2.224127 -0.029127 -0.243842 0.015243 -0.048717 -0.707519 -0.704848
330.000000000 2.233928 -0.030877 -0.244848 0.015412 -0.048307 -0.701164 -0.711195
331.000000000 2.241579 -0.033013 -0.244895 0.014951 -0.048044 -0.694669 -0.717568
332.000000000 2.250799 -0.035051 -0.245040 0.014849 -0.047433 -0.688379 -0.723646
333.000000000 2.257800 -0.038161 -0.246355 0.014705 -0.047029 -0.681542 -0.730118
334.000000000 2.266634 -0.040141 -0.247741 0.014655 -0.047395 -0.675438 -0.735746
335.000000000 2.274751 -0.040194 -0.250316 0.014678 -0.048315 -0.668517 -0.741981
336.000000000 2.282326 -0.041983 -0.252972 0.015662 -0.049086 -0.661017 -0.748600
337.000000000 2.287438 -0.044409 -0.254190 0.017398 -0.050739 -0.653651 -0.754893
338.000000000 2.292823 -0.046696 -0.253630 0.019679 -0.052363 -0.646411 -0.760936
339.000000000 2.297799 -0.049290 -0.254363 0.020334 -0.053152 -0.639674 -0.766537
340.000000000 2.302496 -0.051625 -0.254781 0.021244 -0.053645 -0.632308 -0.772566
341.000000000 2.307990 -0.053877 -0.255016 0.021946 -0.054176 -0.625508 -0.778025
342.000000000 2.312903 -0.055781 -0.255307 0.021805 -0.054507 -0.619169 -0.783060
343.000000000 2.320271 -0.055657 -0.256726 0.021957 -0.054756 -0.612701 -0.788110
344.000000000 2.325851 -0.057409 -0.256793 0.022662 -0.057102 -0.605582 -0.793408
345.000000000 2.330635 -0.059165 -0.256353 0.023655 -0.058757 -0.598309 -0.798758
346.000000000 2.335424 -0.061334 -0.256527 0.023571 -0.059020 -0.592194 -0.803285
347.000000000 2.340759 -0.062103 -0.259020 0.023899 -0.059015 -0.586855 -0.807184
348.000000000 2.346702 -0.063640 -0.258297 0.025016 -0.060947 -0.581879 -0.810602
349.000000000 2.356583 -0.065692 -0.256198 0.024280 -0.061501 -0.574101 -0.816110
350.000000000 2.360663 -0.065852 -0.257250 0.024545 -0.061307 -0.570619 -0.818556
351.000000000 2.365342 -0.066392 -0.256284 0.025210 -0.061975 -0.568374 -0.820046
352.000000000 2.369882 -0.066783 -0.255379 0.025098 -0.061914 -0.566864 -0.821098
353.000000000 2.374618 -0.066631 -0.255970 0.024886 -0.061172 -0.564688 -0.822658
354.000000000 2.379865 -0.066710 -0.253972 0.024574 -0.061469 -0.562222 -0.824333
355.000000000 2.384516 -0.066371 -0.253923 0.024147 -0.060465 -0.559711 -0.826126
356.000000000 2.389947 -0.066136 -0.254541 0.024326 -0.059534 -0.557336 -0.827792
357.000000000 2.395539 -0.066475 -0.252867 0.024629 -0.059911 -0.555593 -0.828927
358.000000000 2.401523 -0.066516 -0.249780 0.024497 -0.060244 -0.554383 -0.829717
359.000000000 2.407662 -0.066696 -0.248667 0.024002 -0.059175 -0.553469 -0.830418
360.000000000 2.414037 -0.066889 -0.248332 0.023058 -0.058423 -0.552721 -0.830996
361.000000000 2.420520 -0.066988 -0.248748 0.022305 -0.057759 -0.551831 -0.831654
362.000000000 2.428063 -0.066708 -0.249670 0.022444 -0.057840 -0.551266 -0.832020
363.000000000 2.435845 -0.066879 -0.249124 0.022590 -0.058105 -0.551214 -0.832032
364.000000000 2.442891 -0.067479 -0.248334 0.022459 -0.057878 -0.550777 -0.832340
365.000000000 2.450830 -0.067744 -0.249228 0.022346 -0.057151 -0.550646 -0.832480
366.000000000 2.457934 -0.067805 -0.250019 0.022257 -0.057410 -0.551037 -0.832206
367.000000000 2.465594 -0.068067 -0.250439 0.021804 -0.057755 -0.552385 -0.831300
368.000000000 2.473254 -0.068467 -0.250439 0.020497 -0.058122 -0.553874 -0.830316
369.000000000 2.480837 -0.068718 -0.250879 0.019528 -0.057804 -0.555652 -0.829173
370.000000000 2.488338 -0.068883 -0.250494 0.018860 -0.057217 -0.557923 -0.827703
371.000000000 2.495444 -0.069199 -0.250114 0.017887 -0.055832 -0.560993 -0.825742
372.000000000 2.502743 -0.069325 -0.249900 0.016680 -0.054364 -0.564978 -0.823144
373.000000000 2.510111 -0.069542 -0.249055 0.015948 -0.052578 -0.569652 -0.820047
374.000000000 2.516648 -0.068548 -0.248177 0.015082 -0.050193 -0.575021 -0.816458
375.000000000 2.523861 -0.067784 -0.249315 0.014126 -0.047283 -0.580813 -0.812540
376.000000000 2.536994 -0.065595 -0.250438 0.013590 -0.042869 -0.592991 -0.803952
377.000000000 2.543622 -0.063514 -0.251928 0.013721 -0.040583 -0.599440 -0.799272
378.000000000 2.549338 -0.061709 -0.252434 0.013668 -0.039001 -0.605482 -0.794785
379.000000000 2.554576 -0.059040 -0.253405 0.013412 -0.037778 -0.611516 -0.790216
380.000000000 2.559707 -0.056773 -0.254078 0.013377 -0.037026 -0.617621 -0.785490
381.000000000 2.565058 -0.054846 -0.254270 0.013038 -0.036373 -0.624262 -0.780259
382.000000000 2.569718 -0.052176 -0.255254 0.012832 -0.035888 -0.630842 -0.774975
383.000000000 2.573433 -0.049480 -0.255852 0.012889 -0.036211 -0.637491 -0.769499
384.000000000 2.576097 -0.046925 -0.255429 0.013206 -0.037225 -0.644277 -0.763771
385.000000000 2.577458 -0.043943 -0.256140 0.014275 -0.037548 -0.651058 -0.757964
386.000000000 2.579828 -0.040125 -0.258373 0.015406 -0.038706 -0.659350 -0.750681
387.000000000 2.580557 -0.037278 -0.259505 0.015707 -0.039409 -0.668341 -0.742644
388.000000000 2.581887 -0.035121 -0.258412 0.016197 -0.038705 -0.677287 -0.734521
389.000000000 2.583210 -0.031154 -0.261586 0.016194 -0.037565 -0.685773 -0.726665
390.000000000 2.584681 -0.028046 -0.261787 0.017749 -0.037674 -0.693603 -0.719152
391.000000000 2.585103 -0.025254 -0.261726 0.018091 -0.036917 -0.701431 -0.711551
392.000000000 2.586148 -0.022937 -0.259771 0.018017 -0.036577 -0.710098 -0.702921
393.000000000 2.587239 -0.020953 -0.257887 0.017663 -0.036042 -0.719358 -0.693478
394.000000000 2.587899 -0.017724 -0.258454 0.016294 -0.035537 -0.727886 -0.684582
395.000000000 2.587233 -0.013952 -0.259565 0.015173 -0.035553 -0.735687 -0.676217
396.000000000 2.587501 -0.011084 -0.258777 0.013893 -0.036167 -0.743985 -0.667072
397.000000000 2.586771 -0.008142 -0.256814 0.013419 -0.035790 -0.751896 -0.658173
398.000000000 2.586250 -0.002205 -0.258998 0.013060 -0.034517 -0.759692 -0.649235
399.000000000 2.586869 0.002281 -0.260010 0.013718 -0.033556 -0.767508 -0.640013
400.000000000 2.587286 0.006598 -0.259633 0.014707 -0.033619 -0.775481 -0.630304
401.000000000 2.587290 0.010648 -0.260987 0.014131 -0.033698 -0.783594 -0.620198
402.000000000 2.588881 0.015111 -0.260627 0.014863 -0.033184 -0.790671 -0.611160
403.000000000 2.588196 0.020131 -0.260990 0.015124 -0.031947 -0.797156 -0.602738
404.000000000 2.589704 0.025468 -0.260449 0.015425 -0.029860 -0.804185 -0.593428
405.000000000 2.592411 0.031234 -0.262111 0.015278 -0.027507 -0.811966 -0.582856
406.000000000 2.594589 0.036255 -0.263112 0.014772 -0.025435 -0.819891 -0.571764
407.000000000 2.597984 0.041940 -0.263095 0.013674 -0.024328 -0.828021 -0.560002
408.000000000 2.600638 0.048570 -0.266785 0.012427 -0.022921 -0.835849 -0.548340
409.000000000 2.605200 0.054643 -0.269992 0.012124 -0.022388 -0.843583 -0.536395
410.000000000 2.606052 0.055582 -0.269474 0.011604 -0.021675 -0.851465 -0.523835
411.000000000 2.612372 0.060869 -0.269418 0.009786 -0.020741 -0.859940 -0.509879
412.000000000 2.618054 0.064974 -0.270372 0.008108 -0.019746 -0.867598 -0.496808
413.000000000 2.621596 0.070202 -0.268356 0.007389 -0.019397 -0.874990 -0.483696
414.000000000 2.628288 0.074945 -0.261759 0.005454 -0.019444 -0.882118 -0.470596
415.000000000 2.634115 0.081295 -0.261549 0.002010 -0.017093 -0.888249 -0.459040
416.000000000 2.635703 0.087337 -0.263261 -0.000374 -0.014156 -0.893562 -0.448716
417.000000000 2.634293 0.088106 -0.259656 -0.001449 -0.012383 -0.898270 -0.439267
418.000000000 2.639854 0.095111 -0.262529 -0.003713 -0.008877 -0.903786 -0.427877
419.000000000 2.639827 0.103238 -0.265608 -0.003787 -0.006141 -0.908663 -0.417467
420.000000000 2.639934 0.107538 -0.260501 -0.002646 -0.004800 -0.912835 -0.408291
421.000000000 2.642443 0.117536 -0.253769 -0.003625 -0.001538 -0.920565 -0.390569
422.000000000 2.642068 0.125988 -0.253307 -0.004186 0.000036 -0.924252 -0.381759
423.000000000 2.640963 0.129497 -0.248623 -0.003955 0.001701 -0.927287 -0.374327
424.000000000 2.638147 0.137452 -0.249503 -0.005061 0.003850 -0.930482 -0.366282
425.000000000 2.638124 0.147021 -0.249110 -0.004581 0.005281 -0.933662 -0.358086
426.000000000 2.632708 0.151336 -0.245128 -0.003733 0.006079 -0.936343 -0.351014
427.000000000 2.630732 0.162039 -0.243737 -0.003310 0.007191 -0.939234 -0.343187
428.000000000 2.629437 0.173189 -0.242376 -0.002763 0.007925 -0.941916 -0.335744
429.000000000 2.622427 0.180388 -0.238423 -0.001833 0.007936 -0.944105 -0.329544
430.000000000 2.619654 0.191783 -0.234018 -0.001789 0.008001 -0.946588 -0.322341
431.000000000 2.615933 0.204174 -0.232673 -0.002908 0.008370 -0.948974 -0.315231
432.000000000 2.610002 0.215514 -0.231317 -0.003378 0.008345 -0.950880 -0.309429
433.000000000 2.602280 0.227116 -0.227342 -0.003697 0.006951 -0.952898 -0.303188
434.000000000 2.597106 0.240391 -0.226351 -0.005444 0.005594 -0.954990 -0.296536
435.000000000 2.586449 0.254029 -0.230058 -0.006645 0.004289 -0.956502 -0.291618
436.000000000 2.577942 0.272382 -0.236651 -0.005897 0.002618 -0.958006 -0.286676
437.000000000 2.570033 0.284411 -0.237185 -0.001564 0.000106 -0.958998 -0.283410
438.000000000 2.559722 0.293176 -0.231583 0.003334 -0.003296 -0.959929 -0.280203
439.000000000 2.551153 0.300708 -0.223823 0.005518 -0.006012 -0.961075 -0.276168
440.000000000 2.544100 0.308538 -0.217205 0.004622 -0.007010 -0.962377 -0.271588
441.000000000 2.537038 0.322276 -0.218142 0.001424 -0.005789 -0.963990 -0.265870
442.000000000 2.519183 0.348198 -0.221781 -0.001027 -0.004903 -0.966804 -0.255470
443.000000000 2.510211 0.357306 -0.220466 0.000099 -0.005608 -0.968180 -0.250193
444.000000000 2.501208 0.368351 -0.219628 0.000741 -0.005910 -0.969613 -0.244572
445.000000000 2.490615 0.376064 -0.217374 0.001277 -0.005496 -0.970761 -0.239981
446.000000000 2.482881 0.384370 -0.215103 0.002050 -0.005150 -0.971968 -0.235046
447.000000000 2.475826 0.391496 -0.212752 0.002035 -0.004782 -0.973218 -0.229827
448.000000000 2.468377 0.398358 -0.211071 0.001909 -0.004584 -0.974696 -0.223480
449.000000000 2.462204 0.407030 -0.206814 0.001298 -0.005019 -0.976226 -0.216691
450.000000000 2.459091 0.419594 -0.210160 -0.001227 -0.004894 -0.977773 -0.209607
451.000000000 2.452562 0.429451 -0.210531 -0.001932 -0.003711 -0.979024 -0.203701
452.000000000 2.446073 0.437206 -0.207156 -0.001923 -0.003064 -0.980130 -0.198322
453.000000000 2.440144 0.447993 -0.206376 -0.003360 -0.002363 -0.981161 -0.193148
454.000000000 2.435308 0.457560 -0.205785 -0.003678 -0.001821 -0.982051 -0.188570
455.000000000 2.428684 0.464570 -0.202636 -0.004269 -0.001668 -0.982708 -0.185106
456.000000000 2.422904 0.473088 -0.200199 -0.005569 -0.000770 -0.983415 -0.181284
457.000000000 2.420256 0.481927 -0.200821 -0.007681 -0.000609 -0.984182 -0.176993
458.000000000 2.413637 0.498798 -0.204775 -0.008464 -0.000838 -0.985130 -0.171602
459.000000000 2.409933 0.504711 -0.200119 -0.007155 -0.003480 -0.985807 -0.167692
460.000000000 2.406926 0.516043 -0.198694 -0.007494 -0.005852 -0.986691 -0.162328
461.000000000 2.401698 0.528660 -0.199338 -0.008192 -0.008074 -0.987465 -0.157418
462.000000000 2.398725 0.542280 -0.193121 -0.006498 -0.010197 -0.988345 -0.151748
463.000000000 2.396922 0.548034 -0.188754 -0.005730 -0.010456 -0.989141 -0.146483
464.000000000 2.393328 0.557390 -0.185918 -0.006820 -0.009771 -0.990114 -0.139759
465.000000000 2.390931 0.569177 -0.186780 -0.008929 -0.007949 -0.991228 -0.131622
466.000000000 2.389109 0.578817 -0.185728 -0.010270 -0.007117 -0.992177 -0.124214
467.000000000 2.389082 0.588517 -0.181822 -0.011600 -0.007096 -0.993128 -0.116244
468.000000000 2.387565 0.596357 -0.180889 -0.014328 -0.006813 -0.993945 -0.108723
469.000000000 2.387070 0.606139 -0.177685 -0.016747 -0.006320 -0.994877 -0.099496
470.000000000 2.385533 0.617988 -0.174143 -0.020142 -0.005420 -0.995709 -0.090156
471.000000000 2.382672 0.627410 -0.174555 -0.023567 -0.004088 -0.996338 -0.082090
472.000000000 2.378629 0.638116 -0.174829 -0.025632 -0.003633 -0.996891 -0.074423
473.000000000 2.371264 0.643317 -0.173248 -0.026685 -0.003484 -0.997308 -0.068209
474.000000000 2.369032 0.656171 -0.173653 -0.028017 -0.003619 -0.997834 -0.059415
475.000000000 2.367240 0.666252 -0.173280 -0.029733 -0.003635 -0.998245 -0.051081
476.000000000 2.358699 0.674945 -0.174297 -0.031105 -0.003026 -0.998510 -0.044727
477.000000000 2.361827 0.687075 -0.173711 -0.031766 -0.002539 -0.998846 -0.035923
478.000000000 2.360026 0.694535 -0.170834 -0.032565 -0.002033 -0.999018 -0.029958
479.000000000 2.361697 0.704676 -0.168865 -0.034325 -0.000690 -0.999167 -0.022079
480.000000000 2.355795 0.713738 -0.171140 -0.036653 0.000891 -0.999202 -0.015838
481.000000000 2.357748 0.721582 -0.170761 -0.036946 0.001524 -0.999274 -0.009147
482.000000000 2.356528 0.730885 -0.168967 -0.037111 0.001498 -0.999307 -0.002316
483.000000000 2.350081 0.736394 -0.168081 -0.037883 0.000757 -0.999280 0.001973
484.000000000 2.346305 0.746276 -0.171070 -0.038934 0.000648 -0.999216 0.007216
485.000000000 2.344077 0.753278 -0.174372 -0.037418 -0.000110 -0.999235 0.011379
486.000000000 2.341118 0.759943 -0.171282 -0.034011 -0.001372 -0.999295 0.015868
487.000000000 2.333082 0.760229 -0.168692 -0.032716 -0.002510 -0.999291 0.018489
488.000000000 2.329150 0.765072 -0.168579 -0.032707 -0.002843 -0.999147 0.025047
489.000000000 2.321875 0.772028 -0.164590 -0.032009 -0.003003 -0.998969 0.032058
490.000000000 2.318385 0.773280 -0.164376 -0.032112 -0.002635 -0.998731 0.038714
491.000000000 2.306514 0.776410 -0.164474 -0.031917 -0.001926 -0.998560 0.043083
492.000000000 2.295305 0.780080 -0.163537 -0.030754 -0.000292 -0.998358 0.048321
493.000000000 2.286184 0.781713 -0.158791 -0.029050 0.002195 -0.998104 0.054225
494.000000000 2.277512 0.780611 -0.155393 -0.029633 0.004417 -0.997820 0.058804
495.000000000 2.268702 0.779470 -0.154702 -0.030313 0.006504 -0.997586 0.062145
496.000000000 2.262705 0.781908 -0.151346 -0.029985 0.007852 -0.997304 0.066507
497.000000000 2.251257 0.780846 -0.150374 -0.030588 0.008419 -0.997068 0.069641
498.000000000 2.244976 0.782101 -0.149322 -0.030519 0.008265 -0.996711 0.074613
499.000000000 2.234366 0.783153 -0.147923 -0.030333 0.007627 -0.996326 0.079729
500.000000000 2.224452 0.781637 -0.145846 -0.029872 0.007358 -0.995974 0.084203
501.000000000 2.218501 0.785237 -0.143316 -0.029765 0.007208 -0.995527 0.089377
502.000000000 2.205470 0.791482 -0.144985 -0.030179 0.007660 -0.995005 0.094841
503.000000000 2.195248 0.790893 -0.141508 -0.029666 0.007667 -0.994706 0.098085
504.000000000 2.180626 0.789239 -0.141147 -0.030764 0.007549 -0.994327 0.101537
505.000000000 2.172291 0.790651 -0.142548 -0.031686 0.007020 -0.993826 0.106095
506.000000000 2.161453 0.788509 -0.143737 -0.030434 0.006418 -0.993428 0.110154
507.000000000 2.152243 0.781171 -0.141466 -0.028553 0.005332 -0.993204 0.112703
508.000000000 2.142568 0.784855 -0.140229 -0.027931 0.004263 -0.992813 0.116297
509.000000000 2.127287 0.788372 -0.141534 -0.028206 0.003010 -0.992250 0.120975
510.000000000 2.116837 0.794084 -0.144390 -0.027867 0.000192 -0.991718 0.125371
511.000000000 2.104000 0.792482 -0.145579 -0.025589 -0.001008 -0.991262 0.129397
512.000000000 2.092625 0.796405 -0.143478 -0.023513 -0.001425 -0.990499 0.135485
513.000000000 2.080989 0.796526 -0.145220 -0.022821 -0.001436 -0.989808 0.140559
514.000000000 2.068608 0.802885 -0.148002 -0.021469 -0.001583 -0.989013 0.146249
515.000000000 2.058460 0.803602 -0.145919 -0.019096 -0.001046 -0.988343 0.151038
516.000000000 2.057299 0.799211 -0.144899 -0.017521 0.000208 -0.987808 0.154689
517.000000000 2.038551 0.809748 -0.145616 -0.017367 0.000862 -0.986788 0.161082
518.000000000 2.041456 0.803467 -0.148115 -0.016665 0.001205 -0.986181 0.164825
519.000000000 2.041188 0.798601 -0.149519 -0.014715 0.002355 -0.985645 0.168172
520.000000000 2.031125 0.798168 -0.146201 -0.011886 0.003830 -0.984888 0.172740
521.000000000 2.027317 0.798538 -0.143510 -0.010864 0.005451 -0.984270 0.176250
522.000000000 2.032670 0.787775 -0.142234 -0.011270 0.007074 -0.983885 0.178308
523.000000000 2.010816 0.805345 -0.146495 -0.012573 0.008387 -0.982495 0.185677
524.000000000 2.005450 0.806226 -0.145759 -0.012599 0.009466 -0.981640 0.190092
525.000000000 1.995182 0.808747 -0.141545 -0.012937 0.010472 -0.980731 0.194651
526.000000000 1.984774 0.813176 -0.142480 -0.014525 0.010845 -0.979608 0.200098
527.000000000 1.979049 0.817048 -0.142132 -0.014781 0.011074 -0.978560 0.205133
528.000000000 1.958792 0.827754 -0.141756 -0.015493 0.011811 -0.977012 0.212291
529.000000000 1.955650 0.824724 -0.144527 -0.016664 0.012161 -0.976062 0.216511
530.000000000 1.941309 0.831441 -0.144655 -0.017339 0.012821 -0.974674 0.222589
531.000000000 1.933172 0.831147 -0.142971 -0.017918 0.013303 -0.973589 0.227213
532.000000000 1.928099 0.830007 -0.142491 -0.018638 0.013570 -0.972867 0.230212
533.000000000 1.912390 0.837959 -0.139937 -0.019370 0.013575 -0.971435 0.236124
534.000000000 1.896976 0.846000 -0.141153 -0.020255 0.013337 -0.970109 0.241457
535.000000000 1.889634 0.848977 -0.130719 -0.017751 0.013589 -0.969015 0.245988
536.000000000 1.874166 0.854046 -0.130819 -0.018049 0.013576 -0.967590 0.251514
537.000000000 1.863878 0.858822 -0.128283 -0.018044 0.013424 -0.966316 0.256376
538.000000000 1.856825 0.855847 -0.128707 -0.018301 0.013467 -0.965365 0.259911
539.000000000 1.844286 0.853390 -0.132330 -0.019151 0.013876 -0.964303 0.263744
540.000000000 1.834011 0.855444 -0.133771 -0.018712 0.014309 -0.963151 0.267928
541.000000000 1.822015 0.858805 -0.132400 -0.017660 0.014683 -0.962135 0.271603
542.000000000 1.817213 0.861667 -0.132557 -0.019132 0.016317 -0.960952 0.275569
543.000000000 1.806783 0.864063 -0.133702 -0.020702 0.017750 -0.959967 0.278783
544.000000000 1.797203 0.861927 -0.133172 -0.021959 0.019499 -0.959262 0.280989
545.000000000 1.789866 0.865149 -0.133764 -0.023831 0.020881 -0.958333 0.283890
546.000000000 1.777818 0.867795 -0.135306 -0.025097 0.022047 -0.957414 0.286779
547.000000000 1.773467 0.866026 -0.134385 -0.025274 0.022977 -0.956659 0.289202
548.000000000 1.768087 0.864214 -0.135257 -0.025887 0.023560 -0.955771 0.292021
549.000000000 1.760929 0.864222 -0.136961 -0.026347 0.023458 -0.954784 0.295201
550.000000000 1.752504 0.866797 -0.136257 -0.025458 0.023342 -0.953692 0.298795
551.000000000 1.742657 0.870327 -0.139999 -0.025074 0.022737 -0.952263 0.303398
552.000000000 1.738939 0.871952 -0.138500 -0.023730 0.022657 -0.950994 0.307465
553.000000000 1.734161 0.868196 -0.138079 -0.023341 0.022121 -0.949871 0.310983
554.000000000 1.725701 0.869087 -0.141431 -0.023912 0.021114 -0.948514 0.315126
555.000000000 1.716855 0.869442 -0.143444 -0.022836 0.020238 -0.947369 0.318686
556.000000000 1.712906 0.868938 -0.140815 -0.020507 0.019921 -0.946440 0.321611
557.000000000 1.706839 0.866902 -0.138611 -0.020193 0.019159 -0.945381 0.324776
558.000000000 1.701700 0.865957 -0.141424 -0.021156 0.018125 -0.944030 0.328681
559.000000000 1.698509 0.865378 -0.140405 -0.020620 0.017472 -0.942656 0.332669
560.000000000 1.691858 0.866452 -0.140768 -0.020171 0.016506 -0.940992 0.337425
561.000000000 1.687324 0.867728 -0.140199 -0.019684 0.016203 -0.939419 0.341822
562.000000000 1.679557 0.866977 -0.141559 -0.018921 0.016169 -0.937809 0.346258
563.000000000 1.673189 0.868468 -0.138980 -0.017703 0.016320 -0.936082 0.350958
564.000000000 1.660838 0.874153 -0.136794 -0.017392 0.016059 -0.933686 0.357311
565.000000000 1.652254 0.877090 -0.136996 -0.018039 0.014740 -0.931434 0.363164
566.000000000 1.648101 0.875290 -0.138262 -0.018818 0.014674 -0.929486 0.368084
567.000000000 1.639048 0.877979 -0.135912 -0.019118 0.014936 -0.927288 0.373561
568.000000000 1.625412 0.885541 -0.132736 -0.019896 0.014758 -0.924852 0.379521
569.000000000 1.617966 0.880373 -0.136084 -0.020965 0.014182 -0.923281 0.383291
570.000000000 1.610437 0.878381 -0.137479 -0.020008 0.014909 -0.921709 0.387080
571.000000000 1.600775 0.877392 -0.131530 -0.018245 0.016755 -0.919814 0.391572
572.000000000 1.591758 0.877195 -0.132009 -0.019095 0.017853 -0.917957 0.395819
573.000000000 1.583768 0.876834 -0.132724 -0.019340 0.018916 -0.916465 0.399199
574.000000000 1.577190 0.869759 -0.129923 -0.018885 0.020263 -0.915536 0.401281
575.000000000 1.567156 0.873565 -0.126537 -0.019722 0.021105 -0.913881 0.404954
576.000000000 1.560102 0.868755 -0.129700 -0.021406 0.021067 -0.912629 0.407685
577.000000000 1.548506 0.870384 -0.128294 -0.021555 0.021708 -0.910852 0.411599
578.000000000 1.541657 0.867087 -0.126297 -0.021621 0.022168 -0.909510 0.414528
579.000000000 1.528163 0.867761 -0.121141 -0.022041 0.022164 -0.908077 0.417636
580.000000000 1.519970 0.864858 -0.121991 -0.022474 0.021747 -0.907247 0.419434
581.000000000 1.509272 0.863078 -0.118864 -0.022003 0.021540 -0.906306 0.421499
582.000000000 1.499335 0.863840 -0.117639 -0.022626 0.020733 -0.905002 0.424298
583.000000000 1.488264 0.861527 -0.118540 -0.024357 0.019793 -0.903464 0.427513
584.000000000 1.475366 0.862457 -0.117561 -0.025099 0.019191 -0.901640 0.431332
585.000000000 1.466190 0.859082 -0.112383 -0.025646 0.018755 -0.900099 0.434526
586.000000000 1.454885 0.859945 -0.113242 -0.028219 0.017059 -0.897856 0.439053
587.000000000 1.426483 0.859113 -0.115002 -0.030413 0.012654 -0.893012 0.448825
588.000000000 1.417614 0.855795 -0.113583 -0.029889 0.010798 -0.891317 0.452266
589.000000000 1.404871 0.856713 -0.117559 -0.028509 0.008393 -0.889699 0.455580
590.000000000 1.393442 0.854360 -0.115446 -0.026904 0.007477 -0.888242 0.458526
591.000000000 1.380202 0.852892 -0.113801 -0.026520 0.006681 -0.886387 0.462136
592.000000000 1.368437 0.850282 -0.113834 -0.027420 0.006186 -0.884236 0.466193
593.000000000 1.356768 0.848741 -0.114907 -0.028284 0.005852 -0.882022 0.470323
594.000000000 1.347233 0.846856 -0.110479 -0.029160 0.006622 -0.880297 0.473479
595.000000000 1.334339 0.845401 -0.113620 -0.030930 0.006314 -0.878147 0.477349
596.000000000 1.323180 0.843472 -0.114241 -0.030798 0.006426 -0.876069 0.481158
597.000000000 1.310309 0.841387 -0.114085 -0.030404 0.006149 -0.874021 0.484898
598.000000000 1.300387 0.838234 -0.114569 -0.029844 0.005915 -0.872285 0.488050
599.000000000 1.289604 0.835289 -0.114220 -0.028644 0.006547 -0.870681 0.490970
600.000000000 1.278592 0.833256 -0.114911 -0.028187 0.007772 -0.869060 0.493843
601.000000000 1.266311 0.830813 -0.115649 -0.027981 0.009132 -0.867441 0.496669
602.000000000 1.254662 0.830417 -0.118926 -0.028631 0.010192 -0.865717 0.499610
603.000000000 1.246620 0.827951 -0.120836 -0.028873 0.011251 -0.864306 0.502010
604.000000000 1.237741 0.824839 -0.118757 -0.028394 0.012452 -0.862696 0.504771
605.000000000 1.230861 0.822267 -0.118263 -0.028206 0.012904 -0.861265 0.507208
606.000000000 1.219194 0.818246 -0.116644 -0.028651 0.012475 -0.859818 0.509643
607.000000000 1.209192 0.816717 -0.118143 -0.029016 0.012194 -0.858394 0.512024
608.000000000 1.200447 0.815058 -0.114449 -0.027960 0.013176 -0.856937 0.514493
609.000000000 1.192106 0.812637 -0.111412 -0.028473 0.013420 -0.855164 0.517401
610.000000000 1.179063 0.811012 -0.110381 -0.029755 0.012582 -0.852984 0.520937
611.000000000 1.169707 0.805190 -0.113099 -0.030759 0.011236 -0.851222 0.523783
612.000000000 1.162471 0.803282 -0.111067 -0.030291 0.009984 -0.849767 0.526193
613.000000000 1.150196 0.800631 -0.111473 -0.030506 0.007925 -0.848217 0.528709
614.000000000 1.142050 0.799559 -0.108077 -0.030698 0.006384 -0.846744 0.531076
615.000000000 1.131765 0.797009 -0.105575 -0.031333 0.005366 -0.845023 0.533784
616.000000000 1.121885 0.794321 -0.104054 -0.032735 0.004299 -0.842911 0.537040
617.000000000 1.106705 0.795368 -0.103005 -0.034344 0.003005 -0.840041 0.541427
618.000000000 1.093019 0.793795 -0.099801 -0.035399 0.001560 -0.836914 0.546186
619.000000000 1.083700 0.792820 -0.098831 -0.036247 0.000290 -0.833721 0.550995
620.000000000 1.072836 0.789940 -0.100155 -0.036604 -0.001195 -0.830960 0.555125
621.000000000 1.063296 0.787548 -0.097138 -0.036755 -0.001915 -0.828520 0.558748
622.000000000 1.053674 0.784173 -0.101114 -0.038290 -0.003357 -0.825679 0.562830
623.000000000 1.041350 0.782043 -0.101426 -0.038581 -0.003567 -0.822677 0.567187
624.000000000 1.030766 0.783181 -0.094191 -0.037919 -0.002576 -0.819625 0.571638
625.000000000 1.022144 0.782453 -0.087961 -0.037938 -0.001814 -0.816593 0.575963
626.000000000 1.011947 0.778879 -0.090782 -0.039289 -0.003213 -0.812802 0.581205
627.000000000 1.001977 0.775352 -0.092423 -0.039477 -0.004457 -0.808858 0.586661
628.000000000 0.995624 0.772622 -0.094192 -0.038965 -0.005814 -0.805335 0.591510
629.000000000 0.985456 0.770469 -0.091528 -0.038147 -0.006691 -0.801208 0.597131
630.000000000 0.976043 0.767598 -0.092943 -0.037383 -0.008039 -0.796859 0.602954
631.000000000 0.971923 0.763075 -0.090078 -0.035946 -0.008711 -0.793428 0.607539
632.000000000 0.960749 0.759077 -0.093194 -0.035656 -0.010419 -0.789177 0.613041
633.000000000 0.952534 0.754087 -0.095359 -0.034558 -0.011144 -0.785474 0.617828
634.000000000 0.946762 0.750446 -0.092856 -0.032727 -0.010639 -0.782514 0.621681
635.000000000 0.936927 0.747431 -0.090667 -0.031219 -0.010152 -0.778570 0.626698
636.000000000 0.931777 0.742085 -0.089479 -0.030647 -0.009703 -0.775156 0.630951
637.000000000 0.922330 0.739539 -0.088782 -0.030030 -0.008657 -0.771222 0.635799
638.000000000 0.918124 0.733650 -0.087828 -0.030331 -0.007803 -0.767812 0.639909
639.000000000 0.912536 0.729351 -0.085744 -0.030623 -0.007065 -0.764615 0.643721
640.000000000 0.902998 0.725054 -0.085368 -0.030716 -0.007256 -0.761558 0.647328
641.000000000 0.897885 0.719680 -0.084281 -0.031167 -0.007207 -0.759049 0.650247
642.000000000 0.892415 0.714604 -0.082942 -0.031651 -0.007433 -0.756515 0.653167
643.000000000 0.887833 0.708842 -0.083694 -0.031940 -0.008016 -0.754246 0.655765
644.000000000 0.881221 0.704187 -0.080475 -0.031626 -0.008078 -0.751716 0.658679
645.000000000 0.877622 0.697360 -0.079797 -0.031734 -0.008751 -0.749787 0.660860
646.000000000 0.874148 0.688948 -0.081089 -0.031891 -0.009763 -0.747974 0.662890
647.000000000 0.871371 0.681844 -0.080853 -0.030872 -0.010335 -0.746175 0.664953
648.000000000 0.865141 0.675216 -0.076286 -0.029364 -0.010235 -0.744018 0.667436
649.000000000 0.846486 0.665265 -0.065116 -0.029248 -0.012239 -0.737867 0.674201
650.000000000 0.838880 0.647576 -0.064917 -0.030690 -0.016308 -0.733318 0.678997
651.000000000 0.831035 0.638647 -0.064927 -0.030485 -0.018082 -0.730149 0.682368
652.000000000 0.826684 0.627831 -0.071538 -0.030236 -0.019957 -0.727646 0.684996
653.000000000 0.823297 0.617977 -0.070445 -0.028062 -0.019335 -0.725277 0.687614
654.000000000 0.817842 0.608249 -0.068099 -0.027362 -0.018137 -0.722351 0.690747
655.000000000 0.817909 0.597155 -0.070402 -0.028840 -0.017358 -0.719888 0.693274
656.000000000 0.813300 0.585688 -0.071671 -0.030356 -0.016413 -0.716780 0.696445
657.000000000 0.808700 0.574437 -0.073065 -0.031892 -0.015558 -0.713704 0.699548
658.000000000 0.805753 0.562160 -0.076300 -0.032916 -0.014677 -0.710839 0.702431
659.000000000 0.802753 0.551486 -0.077612 -0.032597 -0.013197 -0.707806 0.705531
660.000000000 0.801178 0.538666 -0.077861 -0.031935 -0.011767 -0.705510 0.707882
661.000000000 0.797810 0.527623 -0.083899 -0.031135 -0.010439 -0.702824 0.710605
662.000000000 0.795749 0.516876 -0.081966 -0.028236 -0.007844 -0.700624 0.712929
663.000000000 0.792575 0.508663 -0.067602 -0.024244 -0.004360 -0.697215 0.716439
664.000000000 0.790175 0.497970 -0.067629 -0.023715 -0.004250 -0.694378 0.719207
665.000000000 0.787891 0.487227 -0.070508 -0.023178 -0.004381 -0.691943 0.721567
666.000000000 0.785843 0.476418 -0.072831 -0.021372 -0.004484 -0.690070 0.723413
667.000000000 0.784220 0.465227 -0.076211 -0.018470 -0.004205 -0.688429 0.725056
668.000000000 0.780969 0.453000 -0.078158 -0.014676 -0.003192 -0.686550 0.726927
669.000000000 0.780985 0.444681 -0.077488 -0.011149 -0.001613 -0.684918 0.728533
670.000000000 0.775853 0.435172 -0.079558 -0.009452 -0.001333 -0.682700 0.730636
671.000000000 0.761078 0.426182 -0.089331 -0.009316 -0.002587 -0.678694 0.734358
672.000000000 0.758836 0.417157 -0.088594 -0.008635 -0.000561 -0.676318 0.736559
673.000000000 0.755244 0.408582 -0.091708 -0.008868 0.000118 -0.673149 0.739454
674.000000000 0.753846 0.399747 -0.093090 -0.008780 0.000758 -0.670039 0.742274
675.000000000 0.750144 0.390513 -0.097004 -0.008191 0.001115 -0.666546 0.745418
676.000000000 0.748096 0.381813 -0.100892 -0.006229 0.002046 -0.663792 0.747888
677.000000000 0.745582 0.373820 -0.102822 -0.003958 0.003434 -0.661287 0.750114
678.000000000 0.736242 0.365109 -0.101871 -0.000671 0.005059 -0.657386 0.753537
679.000000000 0.731576 0.357178 -0.104219 0.000270 0.006591 -0.654504 0.756029
680.000000000 0.728610 0.348463 -0.104483 0.000492 0.007678 -0.651537 0.758578
681.000000000 0.725296 0.340479 -0.107386 0.000817 0.008475 -0.648239 0.761390
682.000000000 0.721716 0.333314 -0.111081 0.002005 0.009685 -0.645220 0.763933
683.000000000 0.718398 0.325256 -0.112272 0.003716 0.011142 -0.642496 0.766199
684.000000000 0.713497 0.317546 -0.109628 0.005622 0.013021 -0.639667 0.768522
685.000000000 0.706387 0.306900 -0.115846 0.005945 0.012476 -0.636294 0.771323
686.000000000 0.701069 0.298628 -0.121069 0.007216 0.013395 -0.632955 0.774039
687.000000000 0.697777 0.290167 -0.117898 0.010853 0.016530 -0.629651 0.776626
688.000000000 0.692190 0.281994 -0.121395 0.012484 0.018280 -0.625394 0.779995
689.000000000 0.687814 0.274758 -0.122164 0.013885 0.020757 -0.621299 0.783176
690.000000000 0.678352 0.264220 -0.127646 0.014230 0.022669 -0.616002 0.787290
691.000000000 0.671571 0.255494 -0.134912 0.015849 0.024046 -0.611192 0.790958
692.000000000 0.665912 0.247728 -0.132795 0.019398 0.026512 -0.606931 0.794075
693.000000000 0.655034 0.239772 -0.134754 0.021345 0.026841 -0.601498 0.798138
694.000000000 0.649928 0.233427 -0.131026 0.023064 0.027326 -0.597024 0.801426
695.000000000 0.644681 0.225584 -0.135240 0.023409 0.025262 -0.591822 0.805333
696.000000000 0.637918 0.217540 -0.139479 0.023943 0.023504 -0.585848 0.809726
697.000000000 0.633531 0.209219 -0.141257 0.025888 0.022589 -0.580587 0.813473
698.000000000 0.628292 0.201338 -0.145003 0.027967 0.022357 -0.575781 0.816820
699.000000000 0.615921 0.193466 -0.146236 0.031527 0.022593 -0.569187 0.821293
700.000000000 0.609802 0.185181 -0.149494 0.033749 0.023214 -0.564175 0.824639
701.000000000 0.604977 0.178134 -0.149504 0.036457 0.024344 -0.559192 0.827878
702.000000000 0.601097 0.171258 -0.150321 0.038255 0.024314 -0.554255 0.831112
703.000000000 0.596642 0.162445 -0.155765 0.040160 0.024004 -0.549518 0.834171
704.000000000 0.587957 0.153371 -0.159377 0.043378 0.025578 -0.544802 0.837051
705.000000000 0.584103 0.145294 -0.159012 0.046070 0.027588 -0.540845 0.839407
706.000000000 0.579969 0.138272 -0.163373 0.047198 0.028426 -0.536281 0.842239
707.000000000 0.577535 0.129808 -0.166756 0.048093 0.030059 -0.531766 0.844990
708.000000000 0.574468 0.124199 -0.163953 0.048479 0.032463 -0.526790 0.847991
709.000000000 0.571119 0.117360 -0.164382 0.048156 0.031289 -0.521688 0.851201
710.000000000 0.569394 0.108972 -0.171946 0.047877 0.030328 -0.518365 0.853279
711.000000000 0.567243 0.101076 -0.174363 0.048683 0.032432 -0.515618 0.854820
712.000000000 0.565919 0.096728 -0.171978 0.047604 0.033557 -0.512924 0.856456
713.000000000 0.565386 0.088042 -0.179724 0.044945 0.031762 -0.509903 0.858470
714.000000000 0.565563 0.079419 -0.185382 0.044731 0.033438 -0.507350 0.859928
715.000000000 0.567373 0.072544 -0.187249 0.046051 0.036602 -0.505545 0.860793
716.000000000 0.570446 0.066156 -0.186003 0.046744 0.039388 -0.504610 0.861180
717.000000000 0.573393 0.059163 -0.191199 0.046988 0.040925 -0.502748 0.862184
718.000000000 0.576011 0.051065 -0.193643 0.048234 0.043825 -0.500433 0.863319
719.000000000 0.578779 0.043921 -0.197237 0.048989 0.046706 -0.498041 0.864508
720.000000000 0.583754 0.036699 -0.196919 0.049627 0.049024 -0.495960 0.865539
721.000000000 0.588017 0.029591 -0.199806 0.049444 0.050817 -0.493655 0.866763
722.000000000 0.595349 0.021011 -0.202410 0.049296 0.051853 -0.491703 0.867819
723.000000000 0.600888 0.013120 -0.205025 0.049107 0.052438 -0.489533 0.869020
724.000000000 0.606888 0.004820 -0.207753 0.049896 0.053491 -0.487480 0.870065
725.000000000 0.612038 -0.004157 -0.209180 0.051682 0.056328 -0.485746 0.870751
726.000000000 0.617984 -0.013520 -0.210534 0.053499 0.059505 -0.484410 0.871174
727.000000000 0.624189 -0.022447 -0.213198 0.055082 0.061933 -0.483004 0.871686
728.000000000 0.629739 -0.029443 -0.216372 0.056266 0.063261 -0.481005 0.872621
729.000000000 0.636135 -0.038197 -0.217960 0.056863 0.063581 -0.478181 0.874109
730.000000000 0.642855 -0.046465 -0.220775 0.057112 0.063718 -0.474827 0.875909
731.000000000 0.649146 -0.057356 -0.225410 0.057575 0.064186 -0.470533 0.878159
732.000000000 0.657100 -0.066594 -0.228707 0.057909 0.066466 -0.466199 0.880277
733.000000000 0.666747 -0.079271 -0.231372 0.057159 0.068553 -0.462443 0.882145
734.000000000 0.675053 -0.088221 -0.234390 0.056470 0.071276 -0.458427 0.884067
735.000000000 0.684056 -0.097471 -0.238064 0.055863 0.073776 -0.454118 0.886123
736.000000000 0.692898 -0.105527 -0.240661 0.055638 0.076537 -0.449636 0.888186
737.000000000 0.702525 -0.111247 -0.243710 0.056352 0.080655 -0.445389 0.889914
738.000000000 0.711252 -0.119036 -0.246492 0.058834 0.085459 -0.441795 0.891096
739.000000000 0.719776 -0.126367 -0.249179 0.061525 0.089657 -0.438973 0.891896
740.000000000 0.728017 -0.134167 -0.253063 0.064648 0.095208 -0.436858 0.892139
741.000000000 0.735819 -0.139470 -0.258472 0.067089 0.100947 -0.435403 0.892039
742.000000000 0.743868 -0.144215 -0.259818 0.068246 0.105494 -0.433614 0.892296
743.000000000 0.750985 -0.149651 -0.261025 0.067991 0.108768 -0.431803 0.892801
744.000000000 0.757362 -0.155034 -0.263806 0.067067 0.111935 -0.430234 0.893237
745.000000000 0.763440 -0.159746 -0.266349 0.066378 0.115224 -0.428822 0.893549
746.000000000 0.769506 -0.164986 -0.269022 0.066611 0.119932 -0.427604 0.893496
747.000000000 0.775729 -0.169917 -0.271965 0.068053 0.125640 -0.426584 0.893090
748.000000000 0.781534 -0.174250 -0.274306 0.068952 0.131188 -0.425138 0.892913
749.000000000 0.786757 -0.178515 -0.277479 0.069597 0.136653 -0.423515 0.892814
750.000000000 0.791300 -0.182572 -0.279543 0.070397 0.142003 -0.422104 0.892585
751.000000000 0.795324 -0.186147 -0.281722 0.071145 0.146611 -0.420827 0.892384
752.000000000 0.799501 -0.189710 -0.284046 0.072493 0.151427 -0.419629 0.892035
753.000000000 0.803294 -0.192344 -0.287552 0.073343 0.155302 -0.418438 0.891859
754.000000000 0.806106 -0.198204 -0.289217 0.075879 0.159774 -0.417254 0.891411
755.000000000 0.810301 -0.200972 -0.291551 0.077887 0.163947 -0.417328 0.890445
756.000000000 0.813064 -0.206261 -0.294356 0.079430 0.167708 -0.416915 0.889801
757.000000000 0.816622 -0.211117 -0.295783 0.081225 0.171656 -0.416737 0.888969
758.000000000 0.819902 -0.216535 -0.299274 0.083794 0.176351 -0.416448 0.887947
759.000000000 0.823135 -0.221804 -0.304976 0.086097 0.181976 -0.416536 0.886550
760.000000000 0.825646 -0.228971 -0.307551 0.088529 0.187766 -0.416346 0.885191
761.000000000 0.828501 -0.234677 -0.311910 0.089529 0.192398 -0.416749 0.883905
762.000000000 0.830784 -0.242017 -0.315654 0.090743 0.196847 -0.416769 0.882792
763.000000000 0.832608 -0.250132 -0.319064 0.092042 0.200924 -0.416458 0.881885
764.000000000 0.834056 -0.257987 -0.323850 0.092793 0.204286 -0.416008 0.881246
765.000000000 0.835934 -0.266247 -0.326920 0.094155 0.207739 -0.415314 0.880621
766.000000000 0.838392 -0.274020 -0.331425 0.094953 0.211282 -0.414405 0.880121
767.000000000 0.840409 -0.282206 -0.334919 0.096348 0.214433 -0.413222 0.879763
768.000000000 0.842996 -0.291051 -0.338896 0.097831 0.218044 -0.411841 0.879360
769.000000000 0.844331 -0.299223 -0.343013 0.098579 0.221245 -0.410541 0.879084
770.000000000 0.846474 -0.307442 -0.348252 0.099107 0.223890 -0.408473 0.879318
771.000000000 0.848377 -0.315191 -0.350825 0.099848 0.226452 -0.406812 0.879348
772.000000000 0.849968 -0.324272 -0.353755 0.101047 0.229114 -0.404799 0.879451
773.000000000 0.851940 -0.332153 -0.355933 0.102594 0.231419 -0.403105 0.879447
774.000000000 0.853401 -0.340379 -0.357737 0.104332 0.233303 -0.401590 0.879437
775.000000000 0.854400 -0.349858 -0.358983 0.106643 0.236057 -0.400338 0.878996
776.000000000 0.856046 -0.357586 -0.362824 0.108471 0.239259 -0.399523 0.878277
777.000000000 0.856701 -0.365077 -0.366530 0.109152 0.242756 -0.398849 0.877539
778.000000000 0.858225 -0.372810 -0.368926 0.110093 0.245439 -0.397551 0.877264
779.000000000 0.859333 -0.380806 -0.371430 0.111294 0.247890 -0.395635 0.877290
780.000000000 0.860348 -0.388492 -0.373162 0.112261 0.250115 -0.393558 0.877469
781.000000000 0.861581 -0.395395 -0.374865 0.112558 0.251514 -0.391258 0.878060
782.000000000 0.863352 -0.403163 -0.376467 0.112989 0.253212 -0.388456 0.878760
783.000000000 0.864160 -0.409165 -0.377989 0.113010 0.254976 -0.385829 0.879404
784.000000000 0.865036 -0.415147 -0.378682 0.112676 0.256577 -0.382836 0.880289
785.000000000 0.866034 -0.421905 -0.379506 0.112067 0.258176 -0.379387 0.881392
786.000000000 0.868508 -0.427815 -0.381105 0.111634 0.259941 -0.375707 0.882504
787.000000000 0.869776 -0.433235 -0.382274 0.110694 0.261420 -0.371784 0.883846
788.000000000 0.871070 -0.438129 -0.382213 0.109577 0.262000 -0.367856 0.885455
789.000000000 0.873091 -0.443460 -0.381809 0.109063 0.263112 -0.363606 0.886943
790.000000000 0.874215 -0.448187 -0.382148 0.109083 0.264055 -0.359370 0.888386
791.000000000 0.875655 -0.452275 -0.381671 0.109073 0.265351 -0.355538 0.889542
792.000000000 0.876204 -0.455715 -0.381470 0.108243 0.265635 -0.351839 0.891028
793.000000000 0.876837 -0.460228 -0.381183 0.106485 0.265589 -0.347648 0.892896
794.000000000 0.877931 -0.463460 -0.379982 0.104496 0.264950 -0.344389 0.894583
795.000000000 0.879782 -0.466425 -0.378617 0.101975 0.264527 -0.341550 0.896086
796.000000000 0.881052 -0.468734 -0.377929 0.099150 0.262481 -0.338641 0.898107
797.000000000 0.882394 -0.472257 -0.376073 0.096827 0.260271 -0.335309 0.900251
798.000000000 0.883536 -0.474243 -0.374760 0.094432 0.257226 -0.332316 0.902487
799.000000000 0.885341 -0.478349 -0.372879 0.092680 0.254511 -0.329269 0.904553
800.000000000 0.887091 -0.479921 -0.371631 0.090180 0.251817 -0.327306 0.906271
801.000000000 0.888418 -0.482381 -0.369424 0.088681 0.250189 -0.325510 0.907516
802.000000000 0.891424 -0.483101 -0.369018 0.086379 0.249982 -0.323862 0.908384
803.000000000 0.892977 -0.484052 -0.368405 0.083915 0.249494 -0.321806 0.909479
804.000000000 0.895217 -0.485180 -0.366707 0.081475 0.248897 -0.319186 0.910786
805.000000000 0.897008 -0.486303 -0.365172 0.078913 0.247460 -0.316332 0.912398
806.000000000 0.899203 -0.486491 -0.359928 0.077014 0.246534 -0.313624 0.913745
807.000000000 0.901328 -0.487938 -0.357168 0.075110 0.244714 -0.310981 0.915294
808.000000000 0.903714 -0.487986 -0.353765 0.073208 0.242607 -0.308823 0.916739
809.000000000 0.905728 -0.488415 -0.351686 0.071148 0.239963 -0.306677 0.918316
810.000000000 0.907844 -0.489373 -0.347662 0.070131 0.237581 -0.305090 0.919542
811.000000000 0.910192 -0.491134 -0.346976 0.068627 0.234844 -0.304094 0.920688
812.000000000 0.913051 -0.492031 -0.345036 0.067617 0.232657 -0.303582 0.921486
813.000000000 0.915753 -0.492434 -0.341639 0.066306 0.230756 -0.302904 0.922282
814.000000000 0.918655 -0.492778 -0.338548 0.065300 0.228190 -0.301914 0.923316
815.000000000 0.922052 -0.492894 -0.334270 0.064377 0.225149 -0.301016 0.924420
816.000000000 0.923846 -0.493992 -0.331186 0.063494 0.221137 -0.300062 0.925759
817.000000000 0.927876 -0.494327 -0.327090 0.063201 0.218324 -0.299851 0.926515
818.000000000 0.931516 -0.494875 -0.325930 0.062538 0.215332 -0.299750 0.927292
819.000000000 0.935627 -0.494634 -0.324109 0.061498 0.212825 -0.299736 0.927945
820.000000000 0.940909 -0.495054 -0.322117 0.060107 0.210919 -0.299503 0.928546
821.000000000 0.946356 -0.495472 -0.318553 0.057482 0.209692 -0.298788 0.929220
822.000000000 0.951798 -0.496525 -0.318324 0.055225 0.206722 -0.297354 0.930482
823.000000000 0.957669 -0.497687 -0.317177 0.053787 0.203889 -0.295382 0.931818
824.000000000 0.963344 -0.497554 -0.315442 0.051276 0.202319 -0.293556 0.932879
825.000000000 0.969361 -0.498220 -0.314186 0.049348 0.200908 -0.291659 0.933882
826.000000000 0.975361 -0.498760 -0.309737 0.047049 0.200280 -0.289911 0.934680
827.000000000 0.978488 -0.498695 -0.307412 0.043814 0.196864 -0.287543 0.936292
828.000000000 0.984267 -0.499778 -0.304423 0.041077 0.192460 -0.285007 0.938106
829.000000000 0.990042 -0.500491 -0.301199 0.038509 0.187604 -0.282446 0.939971
830.000000000 1.000054 -0.498853 -0.294133 0.035817 0.183664 -0.282102 0.940959
831.000000000 1.006185 -0.500210 -0.290233 0.033715 0.178553 -0.279914 0.942672
832.000000000 1.012510 -0.501119 -0.287314 0.031993 0.174304 -0.278577 0.943922
833.000000000 1.019032 -0.501904 -0.282332 0.030360 0.171271 -0.277842 0.944748
834.000000000 1.025659 -0.502144 -0.279676 0.028170 0.167337 -0.276895 0.945798
835.000000000 1.031697 -0.503591 -0.276451 0.026081 0.162997 -0.275406 0.947050
836.000000000 1.038068 -0.504867 -0.274042 0.023662 0.158962 -0.273937 0.948225
837.000000000 1.043497 -0.505398 -0.269808 0.020343 0.154565 -0.271974 0.949592
838.000000000 1.050378 -0.504496 -0.265983 0.016692 0.150316 -0.268914 0.951216
839.000000000 1.055125 -0.507020 -0.263149 0.014055 0.146666 -0.265143 0.952885
840.000000000 1.060005 -0.508521 -0.262115 0.012265 0.143118 -0.262087 0.954294
841.000000000 1.064811 -0.510094 -0.259940 0.011245 0.140634 -0.259773 0.955308
842.000000000 1.070094 -0.510963 -0.256185 0.010053 0.137900 -0.258235 0.956137
843.000000000 1.074325 -0.511771 -0.249894 0.009067 0.135092 -0.256455 0.957026
844.000000000 1.079179 -0.512449 -0.247023 0.006888 0.131072 -0.254088 0.958234
845.000000000 1.083449 -0.513450 -0.245224 0.004804 0.127070 -0.251355 0.959505
846.000000000 1.087044 -0.514511 -0.240126 0.003793 0.124303 -0.248651 0.960576
847.000000000 1.090842 -0.514976 -0.236814 0.003384 0.121053 -0.246391 0.961575
848.000000000 1.095434 -0.514941 -0.230345 0.003327 0.118938 -0.244618 0.962291
849.000000000 1.098682 -0.515743 -0.226824 0.003615 0.116042 -0.242874 0.963085
850.000000000 1.102252 -0.516281 -0.224917 0.003437 0.113453 -0.241802 0.963664
851.000000000 1.105942 -0.516800 -0.219310 0.003506 0.111374 -0.240662 0.964192
852.000000000 1.108803 -0.517748 -0.215513 0.002600 0.108275 -0.238895 0.964987
853.000000000 1.113020 -0.517583 -0.213333 0.001311 0.105300 -0.237068 0.965768
854.000000000 1.116143 -0.517457 -0.210797 -0.000152 0.103125 -0.234574 0.966613
855.000000000 1.118931 -0.518956 -0.207651 -0.001222 0.101558 -0.231292 0.967568
856.000000000 1.121777 -0.519112 -0.207020 -0.001820 0.100551 -0.229449 0.968111
857.000000000 1.123846 -0.520737 -0.204246 -0.001927 0.100757 -0.228298 0.968362
858.000000000 1.125863 -0.520376 -0.198093 -0.002263 0.100299 -0.227692 0.968551
859.000000000 1.127153 -0.520707 -0.193843 -0.002627 0.098175 -0.226553 0.969035
860.000000000 1.129200 -0.521684 -0.189468 -0.002700 0.096387 -0.225738 0.969404
861.000000000 1.130846 -0.522644 -0.185962 -0.002818 0.094306 -0.224839 0.969818
862.000000000 1.131490 -0.522789 -0.179296 -0.003213 0.092239 -0.224080 0.970191
863.000000000 1.133850 -0.522703 -0.176318 -0.003506 0.089328 -0.222987 0.970714
864.000000000 1.135195 -0.523327 -0.175186 -0.003600 0.086943 -0.221504 0.971269
865.000000000 1.136272 -0.524437 -0.173546 -0.002861 0.085415 -0.220305 0.971680
866.000000000 1.137933 -0.524083 -0.171004 -0.002221 0.084248 -0.220431 0.971755
867.000000000 1.139565 -0.524489 -0.165796 -0.002362 0.083255 -0.220467 0.971832
868.000000000 1.141157 -0.524791 -0.162545 -0.002861 0.081494 -0.219621 0.972171
869.000000000 1.140946 -0.525328 -0.160201 -0.003192 0.079157 -0.218576 0.972599
870.000000000 1.141611 -0.525669 -0.158041 -0.003229 0.077422 -0.217817 0.972909
871.000000000 1.142329 -0.527120 -0.155351 -0.003728 0.075708 -0.217197 0.973180
872.000000000 1.143409 -0.527323 -0.153065 -0.003938 0.073817 -0.216957 0.973378
873.000000000 1.144652 -0.527828 -0.152449 -0.004437 0.071703 -0.216729 0.973585
874.000000000 1.145959 -0.529455 -0.151913 -0.004996 0.070439 -0.216629 0.973697
875.000000000 1.147580 -0.530126 -0.151146 -0.005466 0.069718 -0.216939 0.973677
876.000000000 1.148784 -0.531392 -0.150777 -0.005502 0.069094 -0.216970 0.973714
877.000000000 1.149926 -0.531702 -0.151296 -0.005326 0.068845 -0.217195 0.973683
878.000000000 1.151269 -0.533202 -0.149968 -0.005319 0.069050 -0.216811 0.973754
879.000000000 1.152502 -0.534137 -0.150953 -0.004957 0.068828 -0.216599 0.973819
880.000000000 1.153615 -0.534952 -0.150652 -0.004469 0.069589 -0.216762 0.973731